	--- Search Results ---
	nº camadas conv, nº camadas FC, nº neur, nº filtros
        - (1, 1, 80, 15, 0.43225444864789125)
        - (1, 1, 120, 15, 0.5628415300546448)
        - (1, 1, 120, 5, 0.5688664705058147)
        - (1, 1, 80, 5, 0.6693288496567185)
        - (2, 1, 80, 5, 0.7924898416701696)
        - (2, 2, 80, 5, 0.8206529354070338)
        - (2, 2, 80, 15, 0.82737845032927)
        - (2, 2, 120, 5, 0.850497407874457)
        - (2, 2, 120, 15, 0.8671710802858343)
        - (1, 2, 120, 15, 0.8673111951800476)
        - (1, 2, 80, 15, 0.8678716547569006)
        - (1, 2, 80, 5, 0.9044416421465602)
        - (2, 1, 120, 15, 0.9160711783662603)
        - (2, 1, 120, 5, 0.9223763486058568)
        - (2, 1, 80, 15, 0.9229368081827098)
        - (1, 2, 120, 5, 0.9471766848816029)