0,1,54,172,166,282,0
1,1,60,180,172,290,0
2,1,62,180,174,290,0
3,1,64,180,176,290,0
4,1,67,181,179,291,0
5,1,65,178,177,288,0
6,1,74,182,186,292,0
7,1,75,182,187,292,0
8,1,75,182,187,292,0
9,1,76,180,188,290,0
10,1,78,182,190,292,0
11,1,80,181,192,291,0
12,1,80,184,192,294,0
13,1,82,183,194,293,0
14,1,83,182,195,292,0
15,1,72,172,206,281,0
16,1,73,176,207,285,0
17,1,73,177,207,286,0
18,1,74,180,208,289,0
19,1,77,180,211,289,0
20,1,73,181,224,282,0
21,1,78,188,229,289,0
22,1,81,188,232,289,0
23,1,83,189,234,290,0
24,1,84,189,235,290,0
25,1,66,170,237,283,0
26,1,73,177,244,290,0
27,1,73,177,244,290,0
28,1,77,179,248,292,0
29,1,80,179,251,292,0
30,1,66,180,259,284,0
31,1,74,185,267,289,0
32,1,78,186,271,290,0
33,1,82,184,275,288,0
34,1,87,186,280,290,0
35,1,73,181,278,289,0
36,1,86,186,291,294,0
37,1,87,186,292,294,0
38,1,91,185,296,293,0
39,1,95,186,300,294,0
40,1,83,184,303,287,0
41,1,97,185,317,288,0
42,1,100,184,320,287,0
43,1,105,184,325,287,0
44,1,110,185,330,288,0
45,1,105,176,325,293,0
46,1,120,178,340,295,0
47,1,121,177,341,294,0
48,1,128,182,348,299,0
49,1,130,183,350,300,0
50,1,130,182,346,299,0
51,1,138,183,354,300,0
52,1,139,183,355,300,0
53,1,141,183,357,300,0
54,1,144,183,360,300,0
55,1,154,182,368,286,0
56,1,152,185,366,289,0
57,1,153,186,367,290,0
58,1,158,183,372,287,0
59,1,159,184,373,288,0
60,1,159,183,387,287,0
61,1,158,184,386,288,0
62,1,161,185,389,289,0
63,1,164,184,392,288,0
64,1,164,183,392,287,0
65,2,159,164,400,286,0,50,232,107,278,1
66,2,157,170,398,292,0,52,232,109,278,1
67,2,163,169,404,291,0,53,233,110,279,1
68,2,163,168,404,290,0,55,232,112,278,1
69,2,169,169,410,291,0,54,234,111,280,1
70,2,173,168,414,290,0,56,234,113,280,1
71,2,174,167,415,289,0,54,231,114,279,1
72,2,175,167,416,289,0,55,232,115,280,1
73,2,182,164,423,286,0,65,232,128,283,1
74,2,181,167,422,289,0,64,233,127,284,1
75,2,199,144,427,293,0,54,230,120,277,1
76,2,192,146,420,295,0,54,231,120,278,1
77,2,196,146,424,295,0,53,231,119,278,1
78,2,197,145,425,294,0,55,230,121,277,1
79,2,204,144,432,293,0,63,234,126,279,1
80,2,218,141,440,301,0,66,233,129,278,1
81,2,232,138,454,298,0,68,235,131,280,1
82,2,236,137,458,297,0,70,235,133,280,1
83,2,233,138,455,298,0,68,234,131,279,1
84,2,233,136,455,296,0,67,234,130,279,1
85,2,270,137,436,297,0,64,235,124,278,1
86,2,280,132,446,292,0,66,236,126,279,1
87,2,279,130,445,290,0,67,237,127,280,1
88,2,279,129,445,289,0,66,237,126,280,1
89,2,277,128,443,288,0,66,235,129,280,1
90,2,276,127,442,285,0,65,236,128,281,1
91,2,276,121,442,279,0,66,236,129,281,1
92,2,278,123,444,281,0,70,237,133,282,1
93,2,279,122,445,280,0,73,238,136,283,1
94,2,271,117,445,283,0,72,238,135,283,1
95,2,245,117,416,252,0,73,236,136,281,1
96,2,249,120,420,255,0,73,237,136,282,1
97,2,246,119,417,254,0,75,237,138,282,1
98,2,246,118,417,253,0,75,239,138,284,1
99,2,246,120,417,255,0,74,237,140,284,1
100,2,226,111,420,253,0,66,239,141,284,1
101,2,227,113,421,255,0,71,239,146,284,1
102,2,223,111,417,253,0,71,239,146,284,1
103,2,221,110,415,252,0,74,239,149,284,1
104,2,218,108,412,250,0,77,239,152,284,1
105,2,202,109,430,237,0,77,241,153,286,1
106,2,206,112,434,240,0,82,241,158,286,1
107,2,203,113,431,241,0,84,242,160,287,1
108,2,203,114,431,242,0,84,242,160,287,1
109,2,201,116,429,244,0,88,242,164,287,1
110,2,184,114,440,233,0,77,241,151,286,1
111,2,173,119,429,238,0,86,243,160,288,1
112,2,172,120,428,239,0,88,243,162,288,1
113,2,167,121,423,240,0,89,243,163,288,1
114,2,162,122,418,241,0,91,243,165,288,1
115,2,160,121,442,237,0,78,244,166,289,1
116,2,149,125,431,241,0,85,245,173,290,1
117,2,145,126,427,242,0,85,245,173,290,1
118,2,141,125,423,241,0,86,245,174,290,1
119,2,132,121,428,243,0,88,245,176,290,1
120,2,146,115,442,237,0,87,244,175,289,1
121,2,134,117,430,239,0,93,244,181,289,1
122,2,127,119,423,241,0,94,243,182,288,1
123,2,122,120,418,242,0,96,245,184,290,1
124,2,119,121,415,243,0,97,244,185,289,1
125,2,113,120,421,242,0,99,245,184,290,1
126,2,109,125,417,247,0,104,246,189,291,1
127,2,104,125,412,247,0,104,245,189,290,1
128,2,99,126,407,248,0,106,246,191,291,1
129,2,96,127,404,249,0,106,244,191,289,1
130,2,92,128,400,250,0,106,245,191,290,1
131,2,90,129,398,251,0,108,245,193,290,1
132,2,87,129,395,251,0,113,248,194,291,1
133,2,82,132,390,254,0,114,247,195,290,1
134,2,80,131,388,253,0,116,248,193,289,1
135,2,74,133,382,255,0,115,247,192,288,1
136,2,71,132,379,254,0,115,247,192,288,1
137,2,70,136,363,252,0,115,246,192,287,1
138,2,68,138,361,254,0,114,247,191,288,1
139,2,66,139,359,255,0,116,248,193,289,1
140,2,47,139,358,241,0,122,250,195,289,1
141,2,42,144,353,246,0,123,251,196,290,1
142,2,39,146,350,248,0,124,251,197,290,1
143,2,34,146,345,248,0,124,250,197,289,1
144,2,32,148,343,250,0,125,251,198,290,1
145,2,22,147,349,254,0,124,251,197,290,1
146,2,9,144,352,256,0,124,252,197,291,1
147,2,3,146,346,258,0,125,252,198,291,1
148,2,0,147,343,259,0,123,251,196,290,1
149,2,0,148,343,260,0,125,254,195,291,1
150,2,7,145,314,252,0,127,253,194,288,1
151,2,2,152,309,259,0,131,254,194,288,1
152,2,1,153,308,260,0,131,255,191,287,1
153,2,0,155,307,262,0,131,257,191,289,1
154,2,0,151,322,263,0,131,257,191,289,1
155,2,-2,146,279,249,0,132,258,192,290,1
156,2,-1,153,280,256,0,133,256,193,288,1
157,2,-1,156,280,259,0,134,258,192,288,1
158,2,-1,156,280,259,0,135,259,193,289,1
159,2,-1,157,280,260,0,137,258,192,287,1
160,2,-20,158,249,263,0,139,259,191,287,1
161,2,-22,158,247,263,0,139,260,191,288,1
162,2,-24,159,245,264,0,140,259,192,287,1
163,2,-34,156,248,266,0,140,260,192,288,1
164,2,-35,157,247,267,0,141,261,191,287,1
165,2,-38,158,244,268,0,144,260,191,285,1
166,2,-40,158,242,268,0,144,261,189,285,1
167,2,-41,160,241,270,0,145,261,190,285,1
168,2,-31,164,238,269,0,147,261,190,284,1
169,2,-23,166,233,266,0,146,261,189,284,1
170,2,-18,167,206,260,0,147,261,190,284,1
171,2,-19,167,205,260,0,147,262,190,285,1
172,2,-21,167,203,260,0,147,260,192,284,1
173,2,-24,168,200,261,0,148,261,191,284,1
174,2,-27,169,197,262,0,148,261,191,284,1
175,1,-32,170,187,263,0
176,1,-34,170,185,263,0
177,1,-36,170,183,263,0
178,1,-40,169,179,262,0
179,1,-47,167,183,265,0
180,1,-47,166,155,264,0
181,1,-48,166,154,264,0
182,1,-50,168,152,266,0
183,1,-54,169,148,267,0
184,1,-65,167,137,265,0
185,1,-58,166,132,264,0
186,1,-60,166,130,264,0
187,1,-62,165,128,263,0
188,1,-63,164,127,262,0
189,1,-69,163,121,261,0
190,1,-76,161,109,264,0
191,1,-79,161,106,264,0
192,1,-77,163,99,261,0
193,1,-84,164,92,262,0
194,1,-90,162,95,265,0
195,1,-93,160,63,268,0
196,1,-95,159,61,267,0
197,1,-98,157,58,265,0
198,1,-99,153,57,261,0
199,1,-101,151,55,259,0
233,1,174,2,249,41,2
234,1,172,2,247,41,2
235,1,172,2,247,41,2
236,1,175,4,250,43,2
237,1,176,6,251,45,2
238,1,176,7,251,46,2
239,1,177,7,252,46,2
240,1,177,2,252,47,2
241,1,176,3,251,48,2
242,1,176,4,251,49,2
243,1,181,9,252,52,2
244,1,182,10,253,53,2
245,1,183,4,254,53,2
246,1,182,6,253,55,2
247,1,182,6,253,55,2
248,1,185,6,256,55,2
249,1,184,8,255,57,2
250,1,192,4,255,57,2
251,1,189,7,252,60,2
252,1,191,7,254,60,2
253,1,191,9,254,62,2
254,1,194,10,257,63,2
255,1,195,3,258,56,2
256,1,195,8,258,61,2
257,1,197,7,260,60,2
258,1,199,9,262,62,2
259,1,198,10,261,63,2
260,1,200,2,263,59,2
261,1,199,6,262,63,2
262,1,200,7,263,64,2
263,1,203,7,266,64,2
264,1,203,8,266,65,2
265,1,204,5,267,62,2
266,1,204,7,267,64,2
267,1,204,10,267,67,2
268,1,205,8,268,65,2
269,1,206,9,269,66,2
270,2,205,10,268,67,2,337,268,381,306,1
271,2,205,10,268,67,2,339,275,383,313,1
272,2,206,9,269,66,2,340,275,384,313,1
273,2,206,9,269,66,2,340,275,384,313,1
274,2,207,12,270,69,2,341,275,385,313,1
275,2,206,9,277,66,2,340,270,388,308,1
276,2,202,10,273,67,2,343,272,391,310,1
277,2,203,12,274,69,2,345,272,393,310,1
278,2,202,13,273,70,2,345,274,393,312,1
279,2,202,12,273,69,2,344,271,394,311,1
280,2,201,11,272,68,2,336,272,399,309,1
281,2,202,14,273,71,2,343,276,406,313,1
282,2,202,13,273,70,2,339,276,402,313,1
283,2,204,13,275,70,2,337,276,400,313,1
284,2,203,14,274,71,2,340,276,403,313,1
285,2,209,16,280,73,2,338,271,404,310,1
286,2,203,18,274,75,2,339,273,405,312,1
287,2,203,17,274,74,2,343,272,409,311,1
288,2,203,19,274,76,2,353,276,419,315,1
289,2,203,20,274,77,2,353,277,419,316,1
290,2,202,18,283,75,2,339,269,405,308,1
291,2,196,20,277,77,2,342,270,408,309,1
292,2,196,19,277,76,2,350,273,416,312,1
293,2,196,20,277,77,2,351,274,420,315,1
294,2,198,20,279,77,2,352,271,425,314,1
295,2,196,19,277,76,2,338,268,414,309,1
296,2,196,21,277,78,2,345,269,421,310,1
297,2,197,22,278,79,2,341,270,417,311,1
298,2,197,22,278,79,2,347,272,423,313,1
299,2,197,22,278,79,2,351,276,427,317,1
300,2,210,19,281,75,2,344,275,424,311,1
301,2,207,22,278,78,2,345,275,425,311,1
302,2,210,20,281,76,2,350,275,430,311,1
303,2,208,22,279,78,2,349,275,429,311,1
304,2,204,21,279,80,2,350,276,430,312,1
305,2,213,21,278,80,2,348,274,428,310,1
306,2,211,21,276,80,2,351,278,431,314,1
307,2,215,21,280,80,2,351,276,431,312,1
308,2,215,22,280,81,2,351,277,431,313,1
309,2,213,21,278,80,2,351,276,435,314,1
310,2,215,17,276,81,2,352,274,431,312,1
311,2,215,18,276,82,2,356,276,435,314,1
312,2,217,19,278,83,2,354,276,433,314,1
313,2,217,17,278,81,2,357,275,436,313,1
314,2,216,17,277,81,2,358,275,437,313,1
315,2,218,18,279,82,2,358,274,441,314,1
316,2,215,18,276,82,2,359,275,437,315,1
317,2,217,19,278,83,2,361,276,439,316,1
318,2,217,20,278,84,2,361,276,439,316,1
319,2,214,22,275,86,2,364,277,442,317,1
320,2,213,22,274,86,2,363,275,441,315,1
321,2,209,21,281,85,2,365,274,443,314,1
322,2,204,23,276,87,2,369,275,447,315,1
323,2,204,23,276,87,2,369,274,447,314,1
324,2,203,23,275,87,2,369,276,447,316,1
325,2,206,20,278,84,2,368,273,446,313,1
326,2,204,20,276,84,2,379,275,457,315,1
327,2,203,20,275,84,2,383,276,461,316,1
328,2,202,21,274,85,2,382,273,460,313,1
329,2,203,21,275,85,2,382,273,460,313,1
330,2,202,21,275,85,2,373,273,451,313,1
331,2,198,22,271,86,2,378,276,456,316,1
332,2,197,22,270,86,2,376,275,454,315,1
333,2,194,22,267,86,2,379,276,457,316,1
334,2,197,22,270,86,2,375,272,453,312,1
335,2,199,22,280,86,2,376,273,454,313,1
336,2,191,22,272,86,2,377,275,455,315,1
337,2,191,25,272,89,2,378,276,452,314,1
338,2,193,24,274,88,2,372,273,446,311,1
339,2,189,25,270,89,2,373,275,451,315,1
340,2,196,23,277,87,2,385,270,463,310,1
341,2,189,23,270,87,2,380,272,458,312,1
342,2,186,26,267,90,2,381,271,455,309,1
343,2,184,26,265,90,2,379,273,453,311,1
344,2,186,26,267,90,2,380,272,454,310,1
345,2,191,35,265,82,2,381,272,455,310,1
346,2,183,38,257,85,2,379,273,453,311,1
347,2,182,39,256,86,2,383,276,457,314,1
348,2,179,39,253,86,2,381,277,455,315,1
349,2,179,40,253,87,2,383,275,457,313,1
350,2,184,35,260,84,2,387,272,461,310,1
351,2,177,39,253,88,2,381,275,455,313,1
352,2,179,40,251,87,2,381,275,455,313,1
353,2,178,42,250,89,2,381,274,455,312,1
354,2,177,41,249,88,2,384,276,454,312,1
355,2,177,41,249,88,2,395,270,465,306,1
356,2,174,41,250,90,2,390,272,460,308,1
357,2,170,39,250,90,2,405,275,475,311,1
358,2,169,39,249,90,2,416,276,483,310,1
359,2,167,37,251,91,2,428,272,495,306,1
360,2,167,42,251,87,2,422,273,485,306,1
361,2,166,44,250,89,2,425,270,488,303,1
362,2,163,41,251,88,2,425,268,488,301,1
363,2,163,42,251,89,2,425,270,488,303,1
364,2,162,41,250,88,2,428,268,491,301,1
365,2,163,43,251,90,2,437,274,483,307,1
366,2,162,43,250,90,2,440,272,486,305,1
367,2,161,42,249,89,2,437,272,485,307,1
368,2,161,43,249,90,2,434,270,485,306,1
369,2,162,42,250,89,2,435,269,486,305,1
370,1,161,43,249,90,2
371,1,161,43,249,90,2
372,1,160,42,248,89,2
373,1,159,43,247,90,2
374,1,157,44,245,91,2
375,1,147,43,253,90,2
376,1,148,44,254,91,2
377,1,146,43,252,90,2
378,1,146,44,252,91,2
379,1,144,43,250,90,2
380,1,140,43,251,92,2
381,1,139,42,250,91,2
382,1,139,42,250,91,2
383,1,140,42,251,91,2
384,1,139,42,250,91,2
385,1,138,42,249,91,2
386,1,136,42,247,91,2
387,1,131,41,248,93,2
388,1,130,42,247,94,2
389,1,126,41,249,95,2
390,1,128,39,251,93,2
391,1,126,41,249,95,2
392,1,125,42,242,94,2
393,1,128,43,239,92,2
394,1,127,43,238,92,2
395,1,126,44,237,93,2
396,1,127,45,233,92,2
397,1,125,46,231,93,2
398,1,121,47,227,94,2
399,1,120,49,221,94,2
400,1,116,49,222,92,2
401,1,115,50,221,93,2
402,1,114,50,220,93,2
403,1,110,50,216,93,2
404,1,105,51,211,94,2
405,1,105,51,211,94,2
406,1,104,50,210,93,2
407,1,101,51,207,94,2
408,1,100,50,206,93,2
409,1,100,51,201,92,2
410,1,96,52,202,93,2
411,1,90,51,196,92,2
412,1,89,53,195,94,2
413,1,87,52,193,93,2
414,1,87,52,193,93,2
415,1,86,51,192,92,2
416,1,83,51,189,92,2
417,1,81,51,187,92,2
418,1,79,52,185,93,2
419,1,78,51,184,92,2
420,1,77,52,183,93,2
421,1,76,51,182,92,2
422,1,75,51,181,92,2
423,1,72,50,178,91,2
424,1,70,50,176,91,2
425,1,69,49,180,92,2
426,1,67,50,178,93,2
427,1,65,49,176,92,2
428,1,65,49,176,92,2
429,1,61,49,172,92,2
430,2,60,49,171,92,2,526,285,569,318,1
431,2,55,50,166,93,2,533,290,576,323,1
432,2,52,48,163,91,2,535,290,578,323,1
433,2,51,48,168,93,2,536,290,579,323,1
434,2,50,48,167,93,2,537,289,580,322,1
435,2,49,47,166,92,2,523,280,578,318,1
436,2,47,47,164,92,2,528,285,583,323,1
437,2,45,48,156,91,2,529,285,584,323,1
438,2,41,47,152,90,2,531,285,586,323,1
439,2,40,47,157,92,2,531,287,586,325,1
440,2,37,45,163,90,2,532,286,587,324,1
441,2,42,46,168,91,2,531,285,589,325,1
442,2,42,47,168,92,2,531,286,589,326,1
443,2,41,45,167,90,2,531,286,589,326,1
444,2,41,47,167,92,2,534,285,592,325,1
445,2,31,45,164,90,2,529,282,593,322,1
446,2,31,46,164,91,2,533,284,597,324,1
447,2,32,45,165,90,2,537,284,601,324,1
448,2,27,45,160,90,2,536,286,600,326,1
449,2,32,45,165,90,2,534,286,598,326,1
450,2,22,43,155,88,2,532,278,599,320,1
451,2,29,45,162,90,2,532,283,599,325,1
452,2,28,43,161,88,2,534,285,601,327,1
453,2,26,44,159,89,2,534,281,601,323,1
454,2,32,46,165,91,2,535,284,602,326,1
455,2,12,40,159,85,2,530,279,604,321,1
456,2,13,43,160,88,2,538,283,612,325,1
457,2,14,42,161,87,2,539,284,613,326,1
458,2,10,42,157,87,2,537,284,611,326,1
459,2,2,39,156,86,2,537,285,611,327,1
460,2,4,35,148,82,2,535,279,609,321,1
461,2,9,39,153,86,2,538,284,612,326,1
462,2,13,39,157,86,2,538,285,612,327,1
463,2,14,40,158,87,2,539,285,613,327,1
464,2,5,37,156,86,2,539,285,613,327,1
465,2,0,36,144,83,2,540,276,614,318,1
466,2,0,37,144,84,2,539,282,613,324,1
467,2,0,37,144,84,2,542,284,616,326,1
468,2,2,37,146,84,2,543,283,617,325,1
469,2,0,36,144,83,2,540,282,614,324,1
470,2,1,30,130,82,2,542,279,621,324,1
471,2,1,33,130,85,2,545,281,624,326,1
472,2,1,33,130,85,2,544,286,623,331,1
473,2,0,33,129,85,2,545,286,624,331,1
474,2,0,33,129,85,2,548,286,627,331,1
475,2,1,25,119,77,2,545,282,627,324,1
476,2,2,31,120,83,2,550,285,632,327,1
477,2,6,32,118,82,2,549,285,631,327,1
478,2,6,32,118,82,2,551,285,633,327,1
479,2,5,30,117,80,2,550,285,632,327,1
480,2,1,23,114,78,2,552,285,634,327,1
481,2,1,26,114,81,2,553,286,635,328,1
482,2,0,27,113,82,2,554,285,636,327,1
483,2,0,25,113,80,2,555,286,637,328,1
484,2,-1,25,112,80,2,557,286,639,328,1
485,2,0,23,106,77,2,553,282,641,324,1
486,2,-1,26,105,80,2,556,284,644,326,1
487,2,0,24,106,78,2,558,285,646,327,1
488,2,0,25,106,79,2,560,284,648,326,1
489,2,0,25,106,79,2,561,284,649,326,1
490,2,0,23,106,77,2,560,283,648,325,1
491,2,-1,24,105,78,2,561,283,649,325,1
492,2,0,22,106,76,2,561,286,649,328,1
493,2,0,21,106,75,2,563,284,651,326,1
494,2,0,22,106,76,2,564,283,652,325,1
495,2,0,20,98,74,2,566,284,654,326,1
496,2,1,20,99,74,2,566,283,654,325,1
497,2,-1,18,97,72,2,568,284,656,326,1
498,2,-1,17,97,71,2,570,284,658,326,1
499,2,0,18,98,72,2,572,283,660,325,1
500,2,0,15,81,64,2,572,283,660,325,1
501,2,6,19,87,68,2,574,282,662,324,1
502,2,8,20,89,69,2,571,282,663,326,1
503,2,5,16,90,67,2,573,282,665,326,1
504,2,3,15,88,66,2,573,281,665,325,1
505,2,0,13,75,64,2,576,279,668,323,1
506,2,0,13,75,64,2,577,281,669,325,1
507,2,-1,12,74,63,2,579,280,671,324,1
508,2,0,9,75,60,2,580,282,672,326,1
509,2,0,10,75,61,2,581,280,673,324,1
510,2,-1,17,74,62,2,586,276,678,320,1
511,2,0,19,75,64,2,587,280,679,324,1
512,2,0,20,75,65,2,585,279,677,323,1
513,2,-1,18,74,63,2,585,278,677,322,1
514,2,0,17,75,62,2,584,277,681,323,1
515,2,0,15,69,55,2,588,278,685,324,1
516,2,0,14,69,54,2,589,281,686,327,1
517,2,0,14,69,54,2,588,281,685,327,1
518,2,0,14,66,52,2,587,278,689,326,1
519,2,0,12,66,50,2,587,279,689,327,1
520,2,0,11,61,49,2,589,279,691,327,1
521,2,0,12,58,48,2,590,279,692,327,1
522,2,0,12,55,46,2,596,280,693,326,1
523,2,-1,9,54,43,2,599,281,696,327,1
524,2,-1,8,54,42,2,602,281,699,327,1
525,1,599,277,696,323,1
526,1,602,280,699,326,1
527,1,605,281,702,327,1
528,1,605,280,702,326,1
529,1,606,281,703,327,1
530,2,606,275,703,321,1,65,234,114,279,6
531,2,608,277,705,323,1,66,238,115,283,6
532,2,609,277,706,323,1,68,239,117,284,6
533,2,610,278,707,324,1,67,238,116,283,6
534,2,610,277,707,323,1,68,239,117,284,6
535,2,612,276,709,322,1,67,238,116,283,6
536,2,611,277,708,323,1,69,238,118,283,6
537,2,614,278,706,322,1,69,239,118,284,6
538,2,614,277,706,321,1,71,239,120,284,6
539,2,615,278,707,322,1,72,240,121,285,6
540,3,616,270,708,314,1,69,240,125,282,6,642,316,688,349,7
541,3,617,272,709,316,1,70,241,126,283,6,638,317,684,350,7
542,3,617,273,709,317,1,72,242,128,284,6,638,315,686,350,7
543,3,618,273,710,317,1,73,242,129,284,6,637,315,685,350,7
544,3,618,272,710,316,1,74,242,130,284,6,636,312,687,348,7
545,4,624,272,699,315,1,66,240,128,282,6,633,321,685,356,7,686,165,719,215,8
546,4,627,274,702,317,1,70,241,132,283,6,632,320,684,355,7,686,168,719,218,8
547,4,626,273,701,316,1,70,241,135,285,6,632,318,684,353,7,685,166,720,218,8
548,4,627,273,702,316,1,70,241,135,285,6,629,321,681,356,7,684,167,719,219,8
549,4,627,275,698,316,1,71,242,136,286,6,627,320,682,357,7,684,166,719,218,8
550,4,631,276,698,317,1,68,238,133,282,6,626,318,683,357,7,684,165,719,217,8
551,4,634,278,701,319,1,73,240,138,284,6,622,320,679,359,7,685,165,720,217,8
552,4,635,275,702,316,1,75,242,140,286,6,623,319,680,358,7,684,165,719,217,8
553,4,635,275,702,316,1,76,242,141,286,6,624,321,681,360,7,684,165,719,217,8
554,4,636,275,703,316,1,77,240,142,284,6,624,318,681,357,7,685,165,720,217,8
555,4,636,275,698,316,1,68,237,137,285,6,624,323,679,360,7,682,163,720,213,8
556,4,639,275,701,316,1,75,238,144,286,6,624,324,679,361,7,682,165,720,215,8
557,4,639,275,701,316,1,77,238,146,286,6,624,323,679,360,7,682,164,720,214,8
558,4,640,276,702,317,1,77,239,146,287,6,625,324,677,359,7,682,163,720,213,8
559,4,642,278,701,317,1,79,239,148,287,6,625,325,677,360,7,681,164,719,214,8
560,4,642,278,701,317,1,69,238,143,284,6,608,322,674,363,7,677,164,718,212,8
561,4,643,277,702,316,1,77,239,151,285,6,606,323,672,364,7,678,164,719,212,8
562,4,643,277,702,316,1,79,240,153,286,6,604,324,670,365,7,678,163,719,211,8
563,4,645,278,701,315,1,80,240,154,286,6,603,326,669,367,7,680,163,719,209,8
564,4,647,280,701,315,1,79,240,153,286,6,602,327,668,368,7,679,164,718,210,8
565,4,651,279,702,313,1,80,241,146,287,6,604,327,666,368,7,675,163,719,209,8
566,4,652,280,701,312,1,89,243,155,289,6,602,328,664,369,7,676,163,720,209,8
567,4,651,281,700,313,1,89,243,155,289,6,599,327,661,368,7,675,161,719,207,8
568,4,654,280,700,311,1,91,243,157,289,6,598,329,660,370,7,676,161,720,207,8
569,4,653,280,699,311,1,93,244,159,290,6,598,329,660,370,7,675,161,719,207,8
570,4,658,280,702,309,1,94,243,151,289,6,597,334,659,369,7,673,155,720,203,8
571,4,658,280,702,309,1,99,243,156,289,6,592,335,654,370,7,673,157,720,205,8
572,4,660,281,702,309,1,100,246,157,292,6,591,336,653,371,7,673,158,720,206,8
573,4,662,280,704,308,1,100,245,157,291,6,591,336,653,371,7,672,158,719,206,8
574,4,663,279,705,307,1,101,245,158,291,6,590,335,652,370,7,673,158,720,206,8
575,4,661,278,705,307,1,102,245,156,291,6,593,334,650,369,7,672,158,719,206,8
576,4,664,280,699,311,1,105,245,159,291,6,587,334,644,369,7,672,158,719,206,8
577,3,108,245,162,291,6,586,334,643,369,7,673,158,720,206,8
578,3,109,247,163,293,6,585,335,642,370,7,672,158,719,206,8
579,3,111,247,165,293,6,583,335,640,370,7,673,156,720,204,8
580,3,106,242,160,288,6,581,332,644,368,7,660,145,720,204,8
581,3,112,245,166,291,6,579,334,642,370,7,660,146,720,205,8
582,3,114,244,168,290,6,578,334,641,370,7,660,145,720,204,8
583,3,113,246,167,292,6,576,333,639,369,7,659,145,719,204,8
584,3,113,245,167,291,6,577,334,640,370,7,659,145,719,204,8
585,3,110,243,164,289,6,577,338,640,369,7,659,146,719,205,8
586,3,114,245,168,291,6,572,339,635,370,7,659,147,719,206,8
587,3,116,246,170,292,6,571,339,634,370,7,660,147,720,206,8
588,3,117,246,171,292,6,570,339,633,370,7,659,146,719,205,8
589,3,117,245,171,291,6,568,338,631,369,7,660,147,720,206,8
590,3,114,246,169,288,6,570,340,630,371,7,645,147,717,205,8
591,3,120,246,175,288,6,569,341,629,372,7,647,148,719,206,8
592,3,120,248,175,290,6,569,343,629,374,7,648,148,720,206,8
593,3,121,250,176,292,6,565,341,625,372,7,648,148,720,206,8
594,3,122,249,177,291,6,562,340,622,371,7,647,149,719,207,8
595,3,110,245,172,287,6,565,340,618,371,7,642,138,714,206,8
596,3,118,248,180,290,6,564,342,617,373,7,643,141,715,209,8
597,3,119,249,181,291,6,564,341,617,372,7,642,143,714,211,8
598,3,118,250,180,292,6,562,342,615,373,7,642,143,714,211,8
599,3,119,250,181,292,6,559,341,612,372,7,640,142,712,210,8
600,4,116,251,178,293,6,558,342,611,373,7,638,142,710,210,8,618,334,663,372,9
601,4,120,252,182,294,6,558,343,611,374,7,636,143,708,211,8,615,333,660,371,9
602,4,120,251,182,293,6,561,343,614,374,7,637,142,709,210,8,612,331,659,371,9
603,4,122,251,184,293,6,557,343,610,374,7,634,143,706,211,8,613,330,660,370,9
604,4,124,251,186,293,6,557,344,610,375,7,634,142,706,210,8,612,330,659,370,9
605,4,117,251,182,293,6,556,345,606,375,7,630,136,702,204,8,610,330,657,370,9
606,4,121,251,186,293,6,557,344,607,374,7,631,140,703,208,8,608,329,655,369,9
607,4,121,252,186,294,6,556,343,606,373,7,630,141,702,209,8,608,330,655,370,9
608,4,122,252,187,294,6,557,343,607,373,7,628,142,700,210,8,608,333,653,371,9
609,4,124,252,189,294,6,557,343,607,373,7,626,142,698,210,8,608,332,653,370,9
610,4,124,252,182,294,6,551,341,604,372,7,626,141,698,209,8,607,333,660,371,9
611,4,128,251,186,293,6,553,344,606,375,7,625,141,697,209,8,605,334,658,372,9
612,4,130,253,188,295,6,553,344,606,375,7,623,142,695,210,8,602,333,655,371,9
613,4,130,253,188,295,6,553,344,603,374,7,622,142,694,210,8,602,331,655,369,9
614,4,131,253,189,295,6,554,344,602,372,7,621,143,693,211,8,601,331,654,369,9
615,4,133,254,186,296,6,549,344,597,372,7,619,142,691,210,8,606,332,658,370,9
616,4,136,255,189,297,6,553,346,601,374,7,618,143,690,211,8,605,333,657,371,9
617,4,138,256,188,296,6,554,346,600,373,7,616,142,688,210,8,605,335,657,373,9
618,4,139,256,189,296,6,553,346,599,373,7,615,143,687,211,8,603,334,655,372,9
619,4,138,256,188,296,6,554,347,600,374,7,614,144,686,212,8,603,331,655,369,9
620,4,139,255,189,295,6,549,340,588,367,7,611,144,683,212,8,592,336,657,374,9
621,4,140,254,190,294,6,553,341,592,368,7,609,144,681,212,8,592,337,657,375,9
622,4,140,255,190,295,6,551,341,590,368,7,608,144,680,212,8,591,337,656,375,9
623,4,142,256,190,294,6,551,340,590,367,7,605,142,681,213,8,590,337,655,375,9
624,4,141,257,189,295,6,551,339,590,366,7,604,141,680,212,8,590,337,655,375,9
625,3,141,254,189,292,6,604,158,676,206,8,587,335,654,373,9
626,3,142,255,190,293,6,601,160,673,208,8,588,337,655,375,9
627,3,143,255,191,293,6,600,160,672,208,8,587,338,654,376,9
628,3,143,257,191,295,6,598,160,670,208,8,587,340,654,378,9
629,3,143,256,191,294,6,598,159,670,207,8,587,339,654,377,9
630,3,143,257,191,295,6,596,157,668,208,8,584,338,654,378,9
631,3,144,255,192,293,6,595,158,667,209,8,580,336,650,376,9
632,3,145,255,193,293,6,593,158,665,209,8,580,334,650,374,9
633,3,145,255,193,293,6,594,157,666,208,8,578,335,648,375,9
634,3,144,257,192,295,6,592,156,664,207,8,577,335,647,375,9
635,3,144,256,192,294,6,591,157,663,208,8,578,336,648,376,9
636,3,144,255,192,293,6,591,153,663,208,8,575,332,651,372,9
637,3,142,256,190,294,6,589,155,661,210,8,574,333,650,373,9
638,3,144,255,192,293,6,587,153,659,208,8,573,334,649,374,9
639,3,144,256,192,294,6,586,154,658,209,8,572,333,648,373,9
640,3,142,255,190,293,6,585,152,657,207,8,568,330,644,370,9
641,3,142,256,190,294,6,585,153,657,208,8,571,332,647,372,9
642,2,583,151,655,206,8,572,333,648,373,9
643,2,582,150,654,205,8,571,333,647,373,9
644,2,583,151,655,206,8,571,333,647,373,9
645,2,582,148,654,203,8,567,330,647,372,9
646,2,580,148,652,203,8,565,337,645,371,9
647,2,580,146,652,201,8,562,337,642,371,9
648,2,579,145,651,200,8,562,338,642,372,9
649,2,579,144,651,199,8,561,338,641,372,9
650,2,577,145,649,200,8,561,337,641,371,9
651,2,575,143,647,198,8,559,337,639,371,9
652,2,575,142,647,197,8,559,338,639,372,9
653,2,573,142,645,197,8,559,338,639,372,9
654,2,572,142,644,197,8,558,339,638,373,9
655,2,565,140,643,195,8,558,335,638,370,9
656,2,565,140,643,195,8,557,338,637,373,9
657,2,565,140,643,195,8,555,338,635,373,9
658,2,563,139,641,194,8,556,338,636,373,9
659,2,562,138,640,193,8,558,338,638,373,9
660,2,560,139,638,194,8,555,335,635,371,9
661,2,559,138,637,193,8,556,337,636,373,9
662,2,559,140,637,195,8,555,335,635,371,9
663,2,558,140,636,195,8,553,336,633,372,9
664,2,556,138,634,193,8,553,336,633,372,9
665,2,553,131,631,191,8,553,335,633,371,9
666,2,553,132,631,192,8,555,336,635,372,9
667,2,553,131,631,191,8,551,337,631,373,9
668,2,552,132,630,192,8,553,338,633,374,9
669,2,550,133,628,193,8,554,341,634,377,9
670,2,547,131,619,191,8,547,338,627,374,9
671,2,550,133,622,193,8,554,341,634,377,9
672,2,550,133,622,193,8,555,341,635,377,9
673,2,548,132,620,192,8,556,343,636,379,9
674,2,547,132,619,192,8,557,342,637,378,9
675,2,542,133,614,190,8,544,335,624,371,9
676,2,544,136,616,193,8,551,337,631,373,9
677,2,543,135,615,192,8,552,340,632,376,9
678,2,542,135,614,192,8,551,340,631,376,9
679,2,541,135,613,192,8,551,339,631,375,9
680,2,534,134,608,187,8,549,337,609,373,9
681,2,537,138,611,191,8,555,340,615,376,9
682,2,536,137,610,190,8,555,338,615,374,9
683,2,535,137,609,190,8,554,339,614,375,9
684,2,534,137,608,190,8,553,339,613,375,9
685,2,533,137,607,190,8,548,333,604,369,9
686,2,532,138,606,191,8,554,337,610,373,9
687,2,532,137,606,190,8,553,338,606,372,9
688,2,528,136,606,192,8,552,337,608,373,9
689,2,527,135,605,191,8,552,336,608,372,9
690,2,524,133,597,185,8,549,332,598,368,9
691,2,527,138,600,190,8,553,335,602,371,9
692,2,527,138,600,190,8,553,334,602,370,9
693,2,525,137,598,189,8,554,335,603,371,9
694,2,523,137,596,189,8,552,334,601,370,9
695,2,519,132,592,184,8,549,331,591,367,9
696,2,521,138,594,190,8,554,332,596,368,9
697,2,521,139,594,191,8,554,332,596,368,9
698,2,519,138,592,190,8,553,333,595,369,9
699,2,517,139,590,191,8,551,331,593,367,9
700,2,513,138,586,190,8,550,331,592,367,9
701,2,513,141,586,193,8,550,331,592,367,9
702,2,514,143,587,195,8,551,330,593,366,9
703,2,511,142,584,194,8,553,330,595,366,9
704,2,509,142,582,194,8,553,330,595,366,9
705,2,515,142,575,194,8,543,332,585,368,9
706,2,514,144,574,196,8,550,332,592,368,9
707,2,514,145,574,197,8,550,331,592,367,9
708,2,511,145,571,197,8,548,332,590,368,9
709,2,511,144,571,196,8,549,332,591,368,9
710,2,510,145,570,197,8,551,331,593,367,9
711,2,508,144,568,196,8,550,332,592,368,9
712,2,507,144,567,196,8,550,332,592,368,9
713,2,505,144,565,196,8,550,332,592,368,9
714,2,503,142,563,194,8,553,331,595,367,9
715,1,498,135,562,193,8
716,1,498,135,562,193,8
717,1,498,135,562,193,8
718,1,497,134,561,192,8
719,1,495,134,559,192,8
720,1,490,127,558,190,8
721,1,490,127,558,190,8
722,1,489,127,557,190,8
723,1,488,127,556,190,8
724,1,486,127,554,190,8
725,1,485,125,553,188,8
726,1,484,125,552,188,8
727,1,484,126,552,189,8
728,1,483,125,551,188,8
729,1,481,123,549,186,8
730,1,482,123,550,186,8
731,1,481,122,549,185,8
732,1,478,121,546,184,8
733,1,478,120,546,183,8
734,1,478,119,546,182,8
735,1,472,116,540,179,8
736,1,471,116,539,179,8
737,1,470,114,538,177,8
738,1,470,114,538,177,8
739,1,468,115,536,178,8
740,2,465,109,533,172,8,110,2,161,37,10
741,2,465,110,533,173,8,109,3,160,38,10
742,2,464,110,532,173,8,112,2,163,37,10
743,2,461,110,529,173,8,113,4,164,39,10
744,2,461,109,529,172,8,112,4,163,39,10
745,2,460,111,528,174,8,115,4,166,39,10
746,2,458,112,526,175,8,115,5,166,40,10
747,2,459,111,527,174,8,115,6,166,41,10
748,2,456,110,524,173,8,115,8,166,43,10
749,2,455,110,523,173,8,117,7,168,42,10
750,2,455,106,523,164,8,116,8,167,43,10
751,2,452,109,520,167,8,116,8,167,43,10
752,2,450,106,518,164,8,116,9,167,44,10
753,2,449,109,517,167,8,119,11,170,46,10
754,2,447,107,515,165,8,121,11,172,46,10
755,2,450,109,512,162,8,127,13,171,48,10
756,2,448,109,510,162,8,129,14,173,49,10
757,2,447,111,509,164,8,129,15,173,50,10
758,2,447,113,509,166,8,130,15,174,50,10
759,2,447,113,509,166,8,130,15,174,50,10
760,2,447,112,509,165,8,133,16,177,51,10
761,2,446,110,508,163,8,132,16,176,51,10
762,2,447,114,509,167,8,134,20,178,55,10
763,2,447,113,509,166,8,136,21,180,56,10
764,2,449,113,511,166,8,134,19,178,54,10
765,2,454,107,503,160,8,134,19,178,54,10
766,2,452,108,501,161,8,137,20,181,55,10
767,2,454,110,503,163,8,137,20,181,55,10
768,2,457,110,506,163,8,138,22,182,57,10
769,2,457,110,506,163,8,139,23,183,58,10
770,1,139,22,183,57,10
771,1,139,23,183,58,10
772,1,141,25,185,60,10
773,1,142,26,186,61,10
774,1,142,28,184,61,10
775,1,141,29,180,57,10
776,1,142,30,181,58,10
777,1,143,32,182,60,10
778,1,143,32,182,60,10
779,1,145,34,184,62,10
780,1,144,30,185,59,10
781,1,145,32,186,61,10
782,1,145,34,186,63,10
783,1,145,35,186,64,10
784,1,147,35,188,64,10
785,1,144,32,185,61,10
786,1,145,34,186,63,10
787,1,147,36,188,65,10
788,1,148,36,189,65,10
789,1,147,34,188,63,10
790,1,148,36,189,65,10
791,1,150,37,191,66,10
792,1,149,37,190,66,10
793,1,149,39,190,68,10
794,1,148,39,189,68,10
795,1,149,40,190,69,10
796,1,148,40,189,69,10
797,1,149,41,190,70,10
798,1,149,40,190,69,10
799,1,151,40,192,69,10
800,2,151,42,190,70,10,427,128,463,170,8
801,2,150,42,189,70,10,429,126,465,168,8
802,2,150,42,189,70,10,429,127,467,171,8
803,2,150,43,189,71,10,429,127,467,171,8
804,2,151,44,190,72,10,426,126,466,172,8
805,2,150,44,189,72,10,425,125,465,171,8
806,2,150,45,189,73,10,426,123,466,169,8
807,2,151,45,190,73,10,425,126,465,172,8
808,2,151,44,190,72,10,427,127,465,171,8
809,2,153,48,190,74,10,425,126,463,170,8
810,2,154,48,191,74,10,420,124,458,168,8
811,2,153,49,190,75,10,419,123,457,167,8
812,2,154,49,191,75,10,418,122,456,166,8
813,2,154,51,191,77,10,419,122,457,166,8
814,2,154,50,191,76,10,419,121,457,165,8
815,2,153,51,190,77,10,408,118,455,162,8
816,2,155,53,190,78,10,407,119,454,163,8
817,2,154,53,189,78,10,411,118,458,162,8
818,2,156,54,190,78,10,412,121,459,165,8
819,2,156,54,190,78,10,407,121,454,165,8
820,2,156,54,190,78,10,411,116,458,160,8
821,2,151,53,195,80,10,396,99,449,152,8
822,2,151,53,195,80,10,390,102,443,155,8
823,2,151,56,195,83,10,390,100,443,153,8
824,2,151,57,195,84,10,390,101,443,154,8
825,2,151,56,195,83,10,396,96,445,149,8
826,2,151,57,195,84,10,396,94,445,147,8
827,2,152,57,196,84,10,394,95,443,148,8
828,2,152,58,196,85,10,391,94,440,147,8
829,2,151,59,195,86,10,389,94,438,147,8
830,2,152,59,196,86,10,389,94,438,147,8
831,2,151,60,195,87,10,388,95,437,148,8
832,2,151,61,195,88,10,388,93,437,146,8
833,2,151,61,195,88,10,389,92,438,145,8
834,2,150,61,194,88,10,386,91,435,144,8
835,2,154,60,190,87,10,388,94,437,140,8
836,2,154,63,190,90,10,385,95,434,141,8
837,2,153,65,189,92,10,384,93,433,139,8
838,2,153,64,189,91,10,384,93,433,139,8
839,2,153,63,189,90,10,381,92,430,138,8
840,2,152,65,188,92,10,383,94,432,140,8
841,2,153,66,187,92,10,380,93,429,139,8
842,2,152,66,188,93,10,380,94,429,140,8
843,2,152,66,188,93,10,380,92,429,138,8
844,2,153,65,189,92,10,378,92,427,138,8
845,2,153,66,189,93,10,378,91,427,137,8
846,2,154,66,190,93,10,378,93,425,137,8
847,2,154,66,190,93,10,378,94,425,138,8
848,2,152,68,188,95,10,380,94,427,138,8
849,2,153,68,189,95,10,377,95,424,139,8
850,2,152,68,188,95,10,375,94,422,138,8
851,2,152,69,188,96,10,376,95,423,139,8
852,2,151,70,187,97,10,375,94,422,138,8
853,2,151,69,187,96,10,374,95,421,139,8
854,2,150,71,186,98,10,376,96,423,140,8
855,2,151,71,187,98,10,375,96,422,140,8
856,2,149,72,185,99,10,372,93,419,137,8
857,2,149,71,185,98,10,370,94,417,138,8
858,2,149,72,185,99,10,371,93,418,137,8
859,2,148,72,184,99,10,372,97,419,141,8
860,2,149,73,185,100,10,371,95,418,139,8
861,2,148,75,184,102,10,369,93,416,137,8
862,2,146,76,182,103,10,370,91,417,135,8
863,2,147,76,183,103,10,368,90,417,136,8
864,2,147,75,183,102,10,367,92,416,138,8
865,3,147,76,183,103,10,369,92,418,138,8,416,321,463,352,9
866,3,146,77,182,104,10,365,90,414,136,8,412,325,459,356,9
867,3,146,77,182,104,10,368,92,417,138,8,410,322,457,353,9
868,3,146,76,182,103,10,353,82,402,128,8,411,322,458,353,9
869,3,146,78,182,105,10,350,82,399,128,8,411,323,458,354,9
870,3,146,78,182,105,10,365,84,415,138,8,410,324,457,355,9
871,3,145,79,181,106,10,363,98,413,136,8,411,324,458,355,9
872,3,145,79,181,106,10,366,95,416,135,8,411,322,458,353,9
873,3,144,79,180,106,10,364,87,414,134,8,410,324,457,355,9
874,2,143,80,179,107,10,411,324,458,355,9
875,2,144,81,180,108,10,410,318,459,351,9
876,2,144,80,180,107,10,410,320,459,353,9
877,2,142,81,178,108,10,408,322,457,355,9
878,2,141,80,177,107,10,409,320,458,353,9
879,2,141,82,177,109,10,408,319,457,352,9
880,2,140,82,176,109,10,408,321,457,354,9
881,2,141,82,177,109,10,408,319,457,352,9
882,2,140,82,176,109,10,407,321,456,354,9
883,2,140,84,176,111,10,409,321,458,354,9
884,2,140,85,174,111,10,409,320,458,353,9
885,2,140,86,174,112,10,410,321,459,354,9
886,3,140,85,174,111,10,406,320,455,353,9,378,108,410,143,8
887,3,139,86,173,112,10,409,320,458,353,9,379,108,411,143,8
888,3,138,86,172,112,10,408,321,457,354,9,375,106,407,141,8
889,3,137,86,173,113,10,409,320,458,353,9,373,107,405,142,8
890,3,136,85,172,112,10,406,320,455,353,9,375,106,407,141,8
891,3,137,87,173,114,10,408,320,457,353,9,383,106,415,141,8
892,3,138,87,172,113,10,407,318,458,353,9,384,109,416,144,8
893,2,139,88,173,114,10,406,317,457,352,9
894,2,137,90,171,116,10,404,317,458,353,9
895,2,136,90,170,116,10,404,320,458,356,9
896,2,133,88,167,114,10,403,315,460,353,9
897,2,135,89,169,115,10,401,319,458,357,9
898,2,134,88,168,114,10,403,320,460,358,9
899,2,132,91,166,117,10,402,317,459,355,9
900,3,131,90,165,116,10,403,318,460,356,9,365,100,402,129,8
901,3,131,91,165,117,10,401,317,458,355,9,361,102,398,131,8
902,3,130,92,164,118,10,402,318,459,356,9,360,104,397,133,8
903,3,130,92,164,118,10,401,317,458,355,9,358,104,395,133,8
904,3,127,91,161,117,10,402,317,459,355,9,358,104,395,133,8
905,3,128,91,162,117,10,401,317,458,355,9,359,97,396,126,8
906,3,126,92,160,118,10,402,316,459,354,9,356,101,393,130,8
907,3,127,92,161,118,10,402,317,459,355,9,357,99,394,128,8
908,3,126,93,160,119,10,400,318,457,356,9,355,101,392,130,8
909,3,125,93,159,119,10,400,319,457,357,9,354,100,391,129,8
910,3,120,88,160,120,10,401,317,458,355,9,349,95,396,124,8
911,3,122,86,162,118,10,404,316,461,354,9,346,97,393,126,8
912,3,121,90,159,120,10,400,316,457,354,9,344,96,391,125,8
913,3,123,90,161,120,10,401,315,458,353,9,345,97,392,126,8
914,3,121,90,159,120,10,401,317,458,355,9,345,97,392,126,8
915,3,121,90,159,120,10,402,319,459,357,9,344,92,391,121,8
916,3,119,90,157,120,10,400,318,457,356,9,343,93,390,122,8
917,3,120,90,158,120,10,403,317,457,353,9,341,94,388,123,8
918,3,120,91,158,121,10,402,318,459,356,9,343,93,390,122,8
919,3,118,91,156,121,10,401,318,458,356,9,340,94,387,123,8
920,3,119,92,157,122,10,401,316,458,354,9,340,94,387,123,8
921,3,120,92,158,122,10,400,319,457,357,9,339,93,386,122,8
922,3,116,93,154,123,10,398,318,458,358,9,340,95,387,124,8
923,3,114,94,152,124,10,398,317,458,357,9,340,93,387,122,8
924,3,113,94,151,124,10,398,316,458,356,9,339,93,386,122,8
925,3,112,95,150,125,10,392,314,452,354,9,342,89,395,121,8
926,3,113,98,151,128,10,395,315,455,355,9,338,90,391,122,8
927,3,113,99,151,129,10,397,318,457,358,9,338,89,394,123,8
928,3,115,98,153,128,10,397,317,457,357,9,337,90,393,124,8
929,3,114,99,152,129,10,396,317,456,357,9,335,91,391,125,8
930,3,113,99,151,129,10,398,318,458,358,9,336,90,392,124,8
931,3,111,98,149,128,10,397,316,457,356,9,334,91,390,125,8
932,3,108,100,146,130,10,396,319,456,359,9,335,90,391,124,8
933,3,109,99,147,129,10,397,318,457,358,9,338,91,391,123,8
934,3,107,100,145,130,10,393,316,456,358,9,335,92,388,124,8
935,3,107,99,143,128,10,394,317,457,359,9,335,90,388,122,8
936,3,105,100,141,129,10,384,317,440,348,9,336,92,389,124,8
937,3,104,99,140,128,10,384,320,440,351,9,336,93,389,125,8
938,3,104,100,140,129,10,390,318,446,349,9,334,92,387,124,8
939,3,102,99,138,128,10,390,318,446,349,9,334,92,387,124,8
940,4,102,99,138,128,10,381,316,437,347,9,335,93,388,125,8,349,3,387,31,15
941,4,102,95,138,124,10,377,320,433,351,9,334,93,387,125,8,350,1,388,29,15
942,4,104,97,140,126,10,368,320,424,351,9,333,93,386,125,8,349,3,387,31,15
943,4,104,97,140,126,10,372,320,428,351,9,334,92,387,124,8,351,2,389,30,15
944,4,100,97,136,126,10,360,319,418,349,9,333,93,386,125,8,350,2,388,30,15
945,4,99,98,135,127,10,363,318,422,349,9,333,92,386,124,8,354,4,390,31,15
946,4,97,97,133,126,10,357,322,428,351,9,332,94,385,126,8,354,5,390,32,15
947,4,96,98,132,127,10,359,322,424,353,9,334,93,387,125,8,355,3,391,30,15
948,4,95,98,131,127,10,359,320,419,351,9,332,95,385,127,8,355,5,391,32,15
949,4,94,98,130,127,10,360,321,422,352,9,332,95,385,127,8,356,5,392,32,15
950,4,94,99,130,128,10,356,320,419,351,9,333,95,386,127,8,356,3,392,30,15
951,4,92,99,128,128,10,389,317,445,348,9,332,95,385,127,8,354,4,390,31,15
952,4,92,100,128,129,10,363,323,419,354,9,331,94,384,126,8,358,4,394,31,15
953,4,91,99,127,128,10,362,322,418,353,9,330,94,383,126,8,359,6,393,31,15
954,4,92,98,128,127,10,362,320,418,351,9,331,94,384,126,8,360,6,394,31,15
955,4,91,100,127,129,10,363,320,422,353,9,330,93,376,125,8,362,5,405,35,15
956,4,91,100,125,127,10,364,320,423,353,9,329,95,375,127,8,360,7,403,37,15
957,4,90,100,123,126,10,363,320,422,353,9,328,93,374,125,8,360,5,403,35,15
958,4,90,100,123,126,10,357,315,419,349,9,326,93,372,125,8,360,5,403,35,15
959,4,91,101,124,127,10,357,319,419,353,9,326,95,372,127,8,364,6,407,36,15
960,4,89,100,122,126,10,363,319,422,352,9,325,94,371,126,8,370,5,413,35,15
961,4,89,101,122,127,10,364,321,423,354,9,326,95,372,127,8,373,6,416,36,15
962,4,88,101,121,127,10,363,318,425,353,9,328,94,374,126,8,369,5,412,35,15
963,4,86,102,119,128,10,362,318,424,353,9,327,95,373,127,8,369,6,414,37,15
964,4,86,101,119,127,10,362,319,424,354,9,326,93,372,125,8,370,4,417,37,15
965,4,81,98,114,124,10,362,318,424,353,9,326,93,372,125,8,376,8,418,35,15
966,4,82,101,113,126,10,361,319,423,354,9,327,95,373,127,8,378,7,420,34,15
967,4,81,97,112,122,10,362,319,424,354,9,326,94,372,126,8,376,8,418,35,15
968,4,82,99,113,124,10,362,320,424,355,9,327,95,373,127,8,374,8,416,35,15
969,4,78,99,109,124,10,363,318,425,353,9,324,92,370,124,8,370,8,412,35,15
970,4,75,103,106,128,10,362,318,424,353,9,323,92,369,124,8,381,7,423,34,15
971,4,75,99,106,124,10,352,321,408,349,9,324,94,370,126,8,377,6,419,33,15
972,4,75,99,106,124,10,353,323,409,351,9,323,95,369,127,8,378,5,422,33,15
973,4,74,99,105,124,10,352,323,408,351,9,323,95,369,127,8,379,6,423,34,15
974,4,72,99,103,124,10,351,325,407,353,9,322,90,368,122,8,383,6,427,34,15
975,4,70,100,101,125,10,351,321,407,349,9,322,89,368,121,8,382,3,426,31,15
976,4,70,102,100,126,10,342,319,398,347,9,320,90,366,122,8,387,3,431,31,15
977,4,68,102,98,126,10,343,319,399,347,9,323,90,369,122,8,386,4,430,32,15
978,4,68,102,98,126,10,339,316,395,344,9,323,96,369,128,8,383,5,425,32,15
979,4,68,103,98,127,10,340,317,396,345,9,321,95,369,129,8,383,8,427,36,15
980,4,68,103,98,127,10,340,318,396,346,9,322,92,370,126,8,383,7,427,35,15
981,4,67,102,97,126,10,343,319,399,347,9,322,93,370,127,8,383,7,427,35,15
982,4,64,102,94,126,10,344,319,400,347,9,321,91,369,125,8,385,8,429,36,15
983,4,64,103,94,127,10,348,319,404,347,9,321,91,369,125,8,393,0,435,27,15
984,4,63,102,94,127,10,345,320,401,348,9,319,89,367,123,8,389,8,433,36,15
985,4,60,102,93,128,10,345,320,401,348,9,318,90,364,124,8,400,2,433,30,15
986,4,60,100,93,126,10,348,320,404,348,9,320,85,366,119,8,402,5,435,33,15
987,4,59,102,92,128,10,347,319,403,347,9,319,85,365,119,8,402,3,435,31,15
988,4,59,100,92,126,10,345,318,404,347,9,320,84,366,118,8,402,3,437,32,15
989,4,58,101,91,127,10,344,319,403,348,9,319,85,365,119,8,403,0,438,29,15
990,4,57,102,90,128,10,344,319,403,348,9,319,85,365,119,8,403,1,438,30,15
991,4,56,101,89,127,10,348,320,407,349,9,320,83,366,117,8,403,3,438,32,15
992,4,55,101,88,127,10,353,322,409,350,9,319,85,365,119,8,402,2,437,31,15
993,4,53,101,86,127,10,344,323,400,351,9,319,84,365,118,8,403,3,438,32,15
994,4,53,101,86,127,10,347,321,403,349,9,319,84,365,118,8,404,1,439,30,15
995,4,50,101,83,127,10,344,321,396,347,9,318,82,360,116,8,404,2,439,31,15
996,4,50,100,83,126,10,346,322,398,348,9,315,89,357,123,8,404,0,439,29,15
997,4,49,100,82,126,10,349,323,401,349,9,311,85,353,119,8,403,4,436,32,15
998,4,50,99,83,125,10,339,321,391,347,9,312,88,354,122,8,404,4,439,33,15
999,4,48,100,81,126,10,342,322,394,348,9,313,87,355,121,8,403,0,438,29,15
1000,4,39,97,80,126,10,342,319,394,345,9,312,81,354,115,8,405,4,440,33,15
1001,4,41,98,82,127,10,344,321,396,347,9,320,80,362,114,8,407,8,442,37,15
1002,4,39,97,80,126,10,348,315,400,341,9,321,80,363,114,8,408,7,443,36,15
1003,4,40,96,79,124,10,344,319,396,345,9,322,79,364,113,8,409,3,444,32,15
1004,4,41,96,80,124,10,346,316,398,342,9,321,78,363,112,8,410,6,445,35,15
1005,3,36,97,75,125,10,324,85,366,119,8,411,5,446,34,15
1006,3,40,98,77,125,10,324,83,366,117,8,412,4,447,33,15
1007,3,38,101,75,128,10,322,84,364,118,8,415,8,448,36,15
1008,3,37,98,74,125,10,323,84,365,118,8,416,7,451,36,15
1009,3,32,99,69,126,10,322,84,364,118,8,417,1,454,31,15
1010,2,31,98,68,125,10,322,84,364,118,8
1011,2,32,97,69,124,10,321,84,363,118,8
1012,2,34,102,73,130,10,321,83,363,117,8
1013,2,38,100,75,127,10,321,82,363,116,8
1014,2,36,99,73,126,10,322,81,364,115,8
1015,2,25,98,62,125,10,315,73,363,114,8
1016,2,29,100,66,127,10,316,74,364,115,8
1017,2,27,98,64,125,10,316,73,364,114,8
1018,2,25,98,62,125,10,314,73,362,114,8
1019,2,22,98,59,125,10,315,73,363,114,8
1020,2,20,100,57,127,10,315,68,367,120,8
1021,2,21,100,58,127,10,315,69,367,121,8
1022,2,21,99,58,126,10,315,69,367,121,8
1023,2,19,100,56,127,10,316,69,368,121,8
1024,2,18,99,55,126,10,315,68,367,120,8
1025,2,16,100,51,126,10,315,68,367,120,8
1026,2,14,101,48,125,10,316,68,368,120,8
1027,2,13,103,47,127,10,315,65,367,117,8
1028,2,13,102,45,125,10,315,69,367,121,8
1029,2,13,103,45,126,10,317,68,369,120,8
1030,2,11,103,46,126,10,311,65,363,117,8
1031,2,9,104,44,127,10,315,64,367,116,8
1032,2,8,103,43,126,10,315,64,367,116,8
1033,2,6,103,41,126,10,315,64,367,116,8
1034,2,5,103,40,126,10,315,63,367,115,8
1035,2,2,102,37,128,10,310,70,362,120,8
1036,2,2,103,37,129,10,316,70,368,120,8
1037,2,2,102,35,127,10,315,70,367,120,8
1038,2,1,103,34,128,10,315,71,367,121,8
1039,2,0,103,33,128,10,314,71,366,121,8
1040,2,0,103,33,128,10,311,71,363,121,8
1041,2,0,103,33,128,10,315,72,367,122,8
1042,2,0,104,33,129,10,316,72,368,122,8
1043,2,-1,103,32,128,10,316,72,368,122,8
1044,2,-1,102,32,127,10,316,71,368,121,8
1045,2,0,100,29,125,10,305,71,357,121,8
1046,2,0,101,29,126,10,312,71,364,121,8
1047,2,0,101,29,126,10,312,71,364,121,8
1048,2,0,101,30,127,10,312,71,364,121,8
1049,2,0,101,30,127,10,313,71,365,121,8
1050,1,303,75,355,117,8
1051,1,313,76,365,118,8
1052,1,313,76,365,118,8
1053,1,315,76,367,118,8
1054,1,315,76,367,118,8
1055,1,304,86,356,119,8
1056,1,312,85,364,118,8
1057,1,310,85,365,120,8
1058,1,312,86,364,119,8
1059,1,312,85,364,118,8
1060,1,306,86,353,119,8
1061,1,311,85,358,118,8
1062,1,311,86,358,119,8
1063,1,311,86,358,119,8
1064,1,312,86,359,119,8
1065,1,308,88,355,121,8
1066,1,309,89,356,122,8
1067,1,311,88,358,121,8
1068,1,307,86,356,121,8
1069,1,310,86,357,119,8
1070,1,308,86,355,121,8
1071,1,317,87,364,122,8
1072,1,319,86,366,121,8
1073,1,318,86,365,121,8
1074,1,317,86,364,121,8
1075,1,301,85,355,120,8
1076,1,310,85,364,120,8
1077,1,313,85,367,120,8
1078,1,314,83,368,118,8
1079,1,312,84,366,119,8
1080,1,301,85,355,115,8
1081,1,307,86,361,116,8
1082,1,308,84,362,114,8
1083,1,311,85,365,115,8
1084,1,310,82,367,113,8
1085,1,311,82,360,123,8
1086,1,318,82,367,123,8
1087,1,319,82,368,123,8
1088,1,317,81,366,122,8
1089,1,319,80,368,121,8
1090,1,308,80,367,121,8
1091,1,312,79,371,120,8
1092,1,313,81,372,122,8
1093,1,311,81,370,122,8
1094,1,313,79,372,120,8
1095,1,309,75,368,116,8
1096,1,311,75,370,116,8
1097,1,310,75,369,116,8
1098,1,311,75,370,116,8
1099,1,311,76,370,117,8
1100,1,312,75,371,116,8
1101,1,313,75,372,116,8
1102,1,312,75,371,116,8
1103,1,312,74,371,115,8
1104,1,311,76,370,117,8
1105,1,310,74,369,115,8
1106,1,312,75,371,116,8
1107,1,313,74,372,115,8
1108,1,313,74,372,115,8
1109,1,312,75,371,116,8
1110,1,312,75,371,116,8
1111,1,313,74,372,115,8
1112,1,313,75,372,116,8
1113,1,313,76,372,117,8
1114,1,312,75,371,116,8
1115,1,311,76,370,117,8
1116,1,312,76,371,117,8
1117,1,313,76,372,117,8
1118,1,312,75,371,116,8
1119,1,313,75,372,116,8
1120,1,314,78,373,119,8
1121,1,313,77,372,118,8
1122,1,314,78,373,119,8
1123,1,315,78,374,119,8
1124,1,312,78,371,119,8
1125,1,313,78,372,119,8
1126,1,314,78,373,119,8
1127,1,314,77,373,118,8
1128,1,313,77,372,118,8
1129,1,314,75,373,116,8
1130,1,315,79,373,116,8
1131,1,314,78,372,115,8
1132,1,315,79,373,116,8
1133,1,315,78,373,115,8
1134,1,314,78,372,115,8
1135,1,314,76,372,113,8
1136,1,314,76,372,113,8
1137,1,315,76,373,113,8
1138,1,315,76,373,113,8
1139,1,315,76,373,113,8
1140,1,314,77,372,114,8
1141,1,320,78,378,118,8
1142,1,315,77,373,117,8
1143,1,315,78,373,118,8
1144,1,315,75,373,115,8
1145,1,317,76,375,116,8
1146,1,318,76,370,114,8
1147,1,318,77,370,115,8
1148,1,318,76,370,114,8
1149,1,317,75,369,113,8
1150,1,319,79,371,117,8
1151,1,318,77,370,115,8
1152,1,319,78,371,116,8
1153,1,319,77,371,115,8
1154,1,319,76,371,114,8
1155,1,320,78,370,114,8
1156,1,320,79,370,115,8
1157,1,320,78,370,114,8
1158,1,319,78,369,114,8
1159,1,320,77,370,113,8
1160,1,320,77,370,113,8
1161,1,320,78,370,114,8
1162,1,319,78,369,114,8
1163,1,319,79,369,115,8
1164,1,320,79,370,115,8
1165,1,324,83,376,121,8
1166,1,319,81,371,119,8
1167,1,319,83,369,119,8
1168,1,320,82,370,118,8
1169,1,319,82,369,118,8
1170,1,319,82,369,118,8
1171,1,319,81,369,117,8
1172,1,319,80,369,116,8
1173,1,320,80,370,116,8
1174,1,320,80,370,116,8
1175,1,323,80,373,116,8
1176,1,320,80,370,116,8
1177,1,321,82,371,118,8
1178,1,320,80,370,116,8
1179,1,321,81,371,117,8
1180,1,320,80,370,116,8
1181,1,319,80,369,116,8
1182,1,319,81,369,117,8
1183,1,320,80,370,116,8
1184,1,320,80,370,116,8
1185,1,347,91,375,119,8
1186,1,346,94,374,122,8
1187,1,346,94,374,122,8
1188,1,346,92,374,120,8
1189,1,347,93,375,121,8
1190,1,348,93,376,121,8
1191,1,347,93,376,122,8
1192,1,347,90,378,121,8
1193,1,345,95,376,126,8
1194,1,344,94,376,126,8
1195,1,352,97,384,129,8
1196,1,353,100,385,132,8
1197,1,354,100,386,132,8
1198,1,353,100,385,132,8
1199,1,353,100,385,132,8
1200,1,353,99,385,131,8
1201,1,353,101,387,135,8
1202,1,354,102,388,136,8
1203,1,353,101,388,136,8
1204,1,352,106,387,141,8
1205,1,351,105,388,142,8
1206,1,339,103,383,131,8
1207,1,335,101,384,129,8
1208,1,347,100,384,133,8
1209,1,342,101,386,134,8
1210,1,341,101,390,133,8
1211,1,335,106,384,138,8
1212,1,336,106,385,132,8
1213,1,338,108,387,133,8
1214,1,336,110,385,136,8
1215,1,337,104,386,131,8
1216,1,340,102,391,129,8
1217,1,338,103,392,129,8
1218,1,338,104,392,131,8
1219,1,336,102,390,133,8
1220,1,337,105,391,132,8
1221,1,338,104,392,131,8
1222,1,338,103,395,131,8
1223,1,340,102,397,130,8
1224,1,341,103,398,131,8
1225,1,342,103,396,130,8
1226,1,331,103,385,130,8
1227,1,332,109,383,135,8
1228,1,343,103,394,129,8
1229,1,343,104,394,130,8
1230,1,344,101,395,128,8
1231,1,339,103,390,130,8
1232,1,349,100,400,127,8
1233,1,349,102,400,129,8
1234,1,349,102,400,129,8
1235,2,349,101,400,128,8,339,334,385,364,16
1236,2,359,103,410,130,8,338,335,384,365,16
1237,2,361,104,412,131,8,339,335,385,365,16
1238,2,357,103,411,131,8,339,335,385,365,16
1239,2,358,104,412,132,8,341,334,387,364,16
1240,2,355,99,401,127,8,341,336,387,366,16
1241,2,361,100,407,128,8,342,336,390,367,16
1242,2,361,99,407,127,8,340,333,388,364,16
1243,2,361,101,407,129,8,343,334,391,365,16
1244,2,362,101,408,129,8,342,332,393,365,16
1245,2,356,99,402,127,8,343,331,396,366,16
1246,2,362,100,408,128,8,344,330,397,365,16
1247,2,364,99,410,127,8,343,331,399,367,16
1248,2,362,100,408,128,8,342,331,398,367,16
1249,2,358,98,404,126,8,345,329,401,365,16
1250,2,355,101,401,129,8,344,333,400,366,16
1251,2,361,101,407,129,8,346,335,402,368,16
1252,2,364,101,410,129,8,347,337,403,370,16
1253,2,362,100,408,128,8,347,338,403,371,16
1254,2,364,101,410,129,8,348,339,404,372,16
1255,2,358,103,404,131,8,347,333,403,366,16
1256,2,367,102,413,130,8,346,337,402,370,16
1257,2,368,101,412,128,8,349,337,405,370,16
1258,2,367,102,411,129,8,347,337,403,370,16
1259,2,368,104,412,131,8,347,335,403,368,16
1260,2,369,105,413,132,8,349,334,408,369,16
1261,2,367,104,411,131,8,350,334,409,369,16
1262,2,367,104,411,131,8,351,334,410,369,16
1263,2,366,104,410,131,8,350,334,412,370,16
1264,2,366,103,410,130,8,351,333,413,369,16
1265,3,363,104,407,131,8,351,331,413,367,16,508,1,629,55,17
1266,3,373,104,417,131,8,351,337,413,373,16,511,1,632,55,17
1267,3,378,105,422,132,8,353,336,415,372,16,513,1,634,55,17
1268,3,377,102,421,129,8,355,335,417,371,16,513,1,634,55,17
1269,3,377,104,421,131,8,356,337,418,373,16,514,2,635,56,17
1270,3,365,104,409,131,8,345,331,416,366,16,519,2,645,65,17
1271,3,370,104,414,131,8,341,334,412,369,16,517,3,643,66,17
1272,3,376,105,420,132,8,341,334,412,369,16,520,5,646,68,17
1273,3,376,105,420,132,8,349,336,420,371,16,519,6,651,72,17
1274,3,376,105,420,132,8,345,334,416,369,16,521,9,653,75,17
1275,3,366,102,413,136,8,341,331,425,368,16,541,2,662,77,17
1276,3,376,98,423,132,8,344,334,428,371,16,538,5,659,80,17
1277,3,375,99,422,133,8,343,332,431,371,16,542,8,663,83,17
1278,3,376,99,423,133,8,342,333,430,372,16,543,10,664,85,17
1279,3,376,101,423,135,8,342,333,430,372,16,547,12,668,87,17
1280,3,368,102,415,136,8,343,327,431,366,16,540,4,696,83,17
1281,3,376,99,423,133,8,343,332,431,371,16,536,10,692,89,17
1282,3,375,102,422,136,8,344,332,432,371,16,540,10,696,89,17
1283,3,376,101,423,135,8,346,332,434,371,16,545,12,701,91,17
1284,3,377,102,424,136,8,345,330,437,371,16,550,14,706,93,17
1285,3,370,104,417,138,8,346,325,438,366,16,539,6,716,96,17
1286,3,377,104,424,138,8,347,328,439,369,16,543,9,720,99,17
1287,3,378,105,425,139,8,346,328,438,369,16,542,12,719,102,17
1288,3,378,105,425,139,8,345,328,437,369,16,543,14,720,104,17
1289,3,378,104,425,138,8,338,321,430,362,16,534,14,720,108,17
1290,3,376,105,416,139,8,347,324,439,365,16,539,15,720,102,17
1291,3,380,105,420,139,8,347,326,439,367,16,539,19,720,106,17
1292,3,381,106,421,140,8,351,328,443,369,16,538,20,719,107,17
1293,3,384,105,424,139,8,353,328,445,369,16,538,20,719,107,17
1294,3,383,106,423,140,8,356,328,448,369,16,539,21,720,108,17
1295,3,378,105,418,139,8,354,327,451,370,16,538,20,719,107,17
1296,3,381,104,421,138,8,352,327,449,370,16,538,20,719,107,17
1297,3,383,104,423,138,8,352,329,449,372,16,538,20,719,107,17
1298,3,383,102,423,136,8,354,331,451,374,16,538,22,719,109,17
1299,3,384,106,424,140,8,355,330,452,373,16,539,22,720,109,17
1300,3,382,103,422,141,8,354,328,451,371,16,539,23,720,110,17
1301,3,386,101,426,139,8,353,327,450,370,16,539,27,720,114,17
1302,3,384,104,424,142,8,365,321,449,364,16,539,27,720,114,17
1303,3,386,105,426,143,8,366,326,448,363,16,539,25,720,112,17
1304,3,388,110,428,148,8,368,321,451,360,16,539,27,720,114,17
1305,3,382,103,422,141,8,369,327,447,362,16,575,48,720,117,17
1306,3,385,103,425,141,8,365,330,443,365,16,575,46,720,115,17
1307,3,385,103,423,139,8,363,329,441,364,16,575,49,720,118,17
1308,3,386,104,424,140,8,360,329,438,364,16,574,46,719,115,17
1309,3,387,104,425,140,8,356,330,434,365,16,575,48,720,117,17
1310,3,386,104,424,140,8,375,329,449,361,16,594,47,720,111,17
1311,3,388,105,426,141,8,375,330,449,362,16,594,49,720,113,17
1312,3,387,105,425,141,8,375,330,449,362,16,587,49,719,116,17
1313,3,387,104,425,140,8,374,329,448,361,16,587,49,719,116,17
1314,3,388,106,426,142,8,374,329,448,361,16,587,50,719,117,17
1315,3,388,106,426,142,8,377,327,451,359,16,618,61,739,106,17
1316,3,389,106,427,142,8,366,327,440,359,16,620,61,741,106,17
1317,3,390,106,426,140,8,372,327,446,359,16,624,61,745,106,17
1318,3,391,107,427,141,8,374,327,448,359,16,625,61,746,106,17
1319,3,390,107,426,141,8,377,329,451,361,16,639,70,754,113,17
1320,3,391,107,427,141,8,378,329,448,359,16,643,70,758,113,17
1321,3,391,106,427,140,8,378,329,448,359,16,648,71,758,112,17
1322,3,392,106,428,140,8,377,330,447,360,16,652,72,762,113,17
1323,3,393,106,429,140,8,377,328,447,358,16,656,73,766,114,17
1324,3,391,106,427,140,8,379,328,449,358,16,624,73,739,116,17
1325,3,393,106,429,140,8,380,329,450,359,16,665,71,741,116,17
1326,3,394,106,430,140,8,372,327,442,357,16,669,71,745,116,17
1327,3,392,105,428,139,8,375,327,445,357,16,672,71,752,118,17
1328,3,393,106,429,140,8,387,327,443,357,16,675,72,755,119,17
1329,3,394,107,430,141,8,387,328,445,358,16,680,75,760,122,17
1330,2,393,107,429,141,8,395,329,449,359,16
1331,2,394,105,432,141,8,392,330,446,360,16
1332,2,394,105,432,141,8,393,331,447,361,16
1333,2,395,108,431,142,8,396,331,450,361,16
1334,2,395,108,431,142,8,394,328,448,358,16
1335,2,395,108,431,142,8,398,329,452,359,16
1336,2,395,109,433,145,8,400,327,454,357,16
1337,2,395,108,433,144,8,402,328,453,357,16
1338,2,395,108,433,144,8,403,327,454,356,16
1339,2,396,106,434,142,8,404,328,455,357,16
1340,3,397,108,433,142,8,405,327,456,356,16,77,331,127,366,18
1341,3,395,106,433,142,8,406,327,457,356,16,86,330,136,365,18
1342,3,395,104,433,140,8,408,328,457,355,16,86,329,136,364,18
1343,3,396,104,434,140,8,406,328,455,355,16,87,329,137,364,18
1344,3,397,105,435,141,8,407,326,458,355,16,86,329,136,364,18
1345,3,395,118,435,142,8,406,327,457,356,16,73,330,135,365,18
1346,3,395,116,437,141,8,409,324,460,353,16,79,331,141,366,18
1347,3,394,116,436,141,8,410,318,459,345,16,79,330,141,365,18
1348,3,395,117,437,142,8,412,320,461,347,16,80,330,142,365,18
1349,3,396,116,438,141,8,410,326,459,353,16,80,330,142,365,18
1350,2,394,117,438,143,8,74,330,125,365,18
1351,2,396,116,440,142,8,80,331,131,366,18
1352,2,395,118,439,144,8,82,329,133,364,18
1353,2,396,118,440,144,8,83,331,134,366,18
1354,2,395,118,439,144,8,84,331,135,366,18
1355,2,396,117,440,143,8,73,327,124,362,18
1356,2,394,118,438,144,8,81,327,132,362,18
1357,2,395,117,439,143,8,83,326,134,361,18
1358,2,395,117,439,143,8,82,326,133,361,18
1359,2,402,119,446,145,8,82,325,133,360,18
1360,2,403,119,447,145,8,73,326,119,361,18
1361,2,406,122,450,148,8,81,326,127,361,18
1362,2,404,119,450,147,8,79,326,125,361,18
1363,2,404,121,450,149,8,81,326,114,361,18
1364,2,405,121,451,149,8,87,327,120,362,18
1365,2,405,122,449,149,8,84,328,117,363,18
1366,2,407,122,451,149,8,84,329,117,364,18
1367,2,406,122,450,149,8,84,328,117,363,18
1368,2,405,122,451,150,8,83,328,116,363,18
1369,2,405,122,451,150,8,83,327,116,362,18
1370,2,413,124,451,148,8,77,318,109,358,18
1371,2,414,123,452,147,8,82,319,114,359,18
1372,2,414,122,452,146,8,84,320,116,360,18
1373,2,415,122,453,146,8,81,321,113,361,18
1374,2,417,122,455,146,8,84,320,116,360,18
1375,2,415,122,455,147,8,72,317,111,357,18
1376,2,403,121,443,146,8,77,318,116,358,18
1377,2,416,119,456,144,8,75,318,114,358,18
1378,2,416,119,458,145,8,76,319,115,359,18
1379,2,414,121,456,147,8,76,319,115,359,18
1380,2,418,121,460,147,8,73,319,112,359,18
1381,2,411,120,453,146,8,77,320,116,360,18
1382,2,408,117,450,143,8,77,319,116,359,18
1383,2,422,126,464,152,8,75,318,114,358,18
1384,2,425,126,467,152,8,77,318,116,358,18
1385,2,420,121,460,146,8,75,317,107,357,18
1386,2,418,122,456,146,8,77,319,109,359,18
1387,2,419,121,455,144,8,76,319,108,359,18
1388,2,417,120,455,144,8,79,318,111,358,18
1389,2,418,119,456,143,8,75,318,107,358,18
1390,2,422,119,460,143,8,71,315,114,362,18
1391,2,421,122,459,146,8,77,315,120,362,18
1392,2,418,117,458,142,8,79,316,122,363,18
1393,2,415,118,455,143,8,78,317,121,364,18
1394,2,417,120,457,145,8,77,317,120,364,18
1395,2,424,121,460,147,8,71,313,111,360,18
1396,2,443,130,479,156,8,77,313,117,360,18
1397,2,445,134,479,159,8,77,313,117,360,18
1398,2,443,136,479,162,8,76,314,116,361,18
1399,2,422,126,460,153,8,77,315,117,362,18
1400,2,431,127,471,156,8,72,313,112,360,18
1401,2,438,126,478,155,8,77,314,117,361,18
1402,2,438,125,478,154,8,77,313,117,360,18
1403,2,437,127,477,156,8,77,313,117,360,18
1404,2,436,127,476,156,8,77,312,117,359,18
1405,2,437,128,477,157,8,77,313,117,360,18
1406,2,440,127,480,156,8,77,312,117,359,18
1407,2,438,128,478,157,8,76,314,116,361,18
1408,2,437,127,477,156,8,77,312,117,359,18
1409,2,437,126,477,155,8,76,312,116,359,18
1410,2,437,127,477,156,8,78,314,118,361,18
1411,2,439,128,479,157,8,77,314,117,361,18
1412,2,439,129,481,159,8,77,313,117,360,18
1413,2,439,127,483,159,8,77,314,117,361,18
1414,2,436,129,480,161,8,77,312,117,359,18
1415,2,440,119,476,152,8,73,314,113,361,18
1416,2,437,118,473,151,8,79,315,119,362,18
1417,2,437,115,475,150,8,80,314,120,361,18
1418,2,438,114,478,150,8,80,313,122,362,18
1419,2,435,113,477,151,8,81,314,123,363,18
1420,2,434,111,476,149,8,73,315,113,362,18
1421,2,435,119,477,153,8,77,316,117,363,18
1422,2,437,117,477,153,8,77,316,117,363,18
1423,2,437,115,475,149,8,78,316,118,363,18
1424,2,437,114,477,150,8,80,316,120,363,18
1425,2,436,113,478,151,8,79,315,119,362,18
1426,2,441,113,483,151,8,80,315,120,362,18
1427,2,443,114,485,152,8,79,314,119,361,18
1428,2,442,120,484,158,8,78,314,120,363,18
1429,2,442,116,484,154,8,81,314,121,361,18
1430,2,442,119,480,150,8,73,316,116,357,18
1431,2,446,121,484,152,8,79,317,122,358,18
1432,2,447,122,485,153,8,81,316,124,357,18
1433,2,449,122,487,153,8,79,317,122,358,18
1434,2,447,121,485,152,8,79,317,122,358,18
1435,2,445,121,485,152,8,79,316,122,357,18
1436,2,447,122,487,153,8,81,317,124,358,18
1437,2,450,125,490,156,8,80,315,123,356,18
1438,2,449,123,491,156,8,81,316,124,357,18
1439,2,452,123,494,156,8,83,316,126,357,18
1440,3,444,121,486,154,8,82,315,125,356,18,536,336,588,368,16
1441,3,446,112,488,145,8,82,316,125,357,18,544,338,596,370,16
1442,3,445,119,487,152,8,82,316,125,357,18,546,338,598,370,16
1443,3,444,117,488,152,8,83,316,126,357,18,546,338,598,370,16
1444,3,443,117,487,152,8,84,315,127,356,18,547,339,599,371,16
1445,3,445,118,489,153,8,77,312,120,353,18,547,339,599,371,16
1446,3,446,117,490,152,8,83,314,126,355,18,546,339,598,371,16
1447,3,446,115,490,150,8,85,313,128,354,18,547,340,599,372,16
1448,3,448,115,490,148,8,85,311,128,352,18,546,339,598,371,16
1449,3,451,105,493,138,8,90,314,133,355,18,545,337,600,371,16
1450,3,443,123,485,152,8,79,314,128,355,18,546,338,601,372,16
1451,3,446,122,488,151,8,87,316,136,357,18,546,338,601,372,16
1452,3,448,121,490,150,8,88,316,137,357,18,545,338,600,372,16
1453,3,447,123,489,152,8,89,317,136,356,18,544,339,599,373,16
1454,3,448,123,490,152,8,90,317,137,356,18,546,339,601,373,16
1455,3,447,123,489,152,8,79,312,120,351,18,545,338,600,372,16
1456,3,449,124,491,153,8,84,314,125,353,18,547,339,602,373,16
1457,3,453,124,495,153,8,87,314,128,353,18,547,338,602,372,16
1458,3,452,127,494,156,8,85,314,126,353,18,548,338,603,372,16
1459,3,455,125,497,154,8,85,313,128,354,18,548,338,603,372,16
1460,3,451,124,493,150,8,81,313,122,354,18,548,338,608,372,16
1461,3,454,128,496,154,8,85,315,126,356,18,549,340,609,374,16
1462,3,457,136,499,162,8,88,315,129,356,18,550,341,610,375,16
1463,3,455,133,497,159,8,86,315,127,356,18,548,340,608,374,16
1464,3,454,131,496,157,8,88,316,129,357,18,549,340,609,374,16
1465,3,456,129,498,158,8,79,313,118,352,18,550,339,613,375,16
1466,3,456,126,495,155,8,82,315,121,354,18,550,339,613,375,16
1467,3,458,130,497,158,8,84,314,123,353,18,550,340,613,376,16
1468,3,458,124,496,152,8,84,314,123,353,18,549,340,615,377,16
1469,3,461,127,500,155,8,84,315,123,354,18,550,341,616,378,16
1470,3,457,123,501,155,8,84,315,123,354,18,550,336,619,375,16
1471,3,460,128,502,158,8,84,315,123,354,18,550,339,619,378,16
1472,3,457,126,502,157,8,83,313,122,352,18,551,340,620,379,16
1473,3,460,127,505,158,8,83,314,122,353,18,551,339,620,378,16
1474,3,458,126,505,157,8,85,313,124,352,18,551,339,620,378,16
1475,3,463,126,501,156,8,85,313,124,352,18,552,339,621,378,16
1476,3,460,127,498,157,8,86,313,125,352,18,551,338,620,377,16
1477,4,460,127,498,157,8,86,314,125,353,18,553,338,622,377,16,225,0,260,27,19
1478,4,460,127,498,157,8,86,314,125,353,18,551,338,623,379,16,228,5,264,28,19
1479,4,457,126,495,156,8,86,312,127,353,18,552,338,624,379,16,229,3,258,28,19
1480,4,460,126,498,156,8,86,312,127,353,18,550,337,626,380,16,229,6,263,29,19
1481,4,461,126,499,156,8,87,312,128,353,18,550,337,626,380,16,234,3,262,32,19
1482,4,462,127,500,157,8,86,312,127,353,18,552,337,628,380,16,232,8,263,30,19
1483,4,464,126,502,156,8,86,312,127,353,18,551,335,627,378,16,232,5,266,31,19
1484,4,462,126,500,156,8,87,310,128,351,18,551,335,627,378,16,232,8,266,30,19
1485,4,461,127,499,157,8,87,311,128,352,18,552,337,628,380,16,231,8,267,33,19
1486,4,460,126,498,156,8,86,310,127,351,18,553,335,629,378,16,233,6,267,32,19
1487,4,458,125,496,155,8,87,311,128,352,18,552,335,628,378,16,238,9,270,33,19
1488,4,460,126,498,156,8,87,311,128,352,18,550,335,630,380,16,237,9,268,35,19
1489,4,461,126,499,156,8,89,311,130,352,18,552,334,632,379,16,236,9,269,33,19
1490,4,463,125,501,155,8,87,312,128,353,18,552,333,632,378,16,242,12,272,35,19
1491,4,462,126,500,156,8,89,311,130,352,18,553,334,633,379,16,241,14,271,35,19
1492,4,461,126,499,156,8,88,312,129,353,18,557,336,633,379,16,241,13,274,34,19
1493,4,459,124,497,154,8,89,311,130,352,18,556,336,632,379,16,243,15,273,37,19
1494,4,461,125,499,155,8,88,311,131,354,18,557,336,633,379,16,241,12,273,35,19
1495,4,466,129,504,159,8,85,310,128,353,18,567,335,643,378,16,247,15,272,35,19
1496,4,462,129,500,159,8,88,311,131,354,18,566,336,642,379,16,249,14,276,41,19
1497,4,461,128,499,158,8,88,310,131,353,18,568,337,644,380,16,244,18,278,41,19
1498,4,462,130,500,160,8,89,309,132,352,18,569,338,645,381,16,246,13,276,37,19
1499,4,461,128,499,158,8,89,308,132,351,18,570,337,646,380,16,247,14,280,40,19
1500,4,468,128,506,158,8,90,309,133,352,18,571,337,647,380,16,249,15,277,38,19
1501,4,464,129,502,159,8,89,311,132,354,18,572,337,648,380,16,249,16,282,37,19
1502,4,463,129,501,159,8,91,311,134,354,18,572,337,648,380,16,248,16,280,39,19
1503,4,464,129,502,159,8,91,310,134,353,18,572,338,648,381,16,248,18,281,40,19
1504,4,463,126,501,156,8,92,310,135,353,18,574,339,650,382,16,249,17,281,39,19
1505,4,474,127,512,157,8,92,311,135,354,18,575,338,651,381,16,249,20,287,41,19
1506,4,473,127,511,157,8,93,312,136,355,18,575,339,651,382,16,250,21,285,40,19
1507,4,472,128,510,158,8,92,312,135,355,18,577,339,653,382,16,258,21,284,42,19
1508,4,475,128,513,158,8,93,313,136,356,18,576,337,652,380,16,255,23,284,41,19
1509,4,473,127,511,157,8,94,311,137,354,18,581,340,653,381,16,253,19,287,42,19
1510,4,473,125,516,155,8,93,311,136,354,18,582,340,651,379,16,255,19,285,41,19
1511,4,469,126,512,156,8,94,311,137,354,18,581,341,650,380,16,259,23,288,40,19
1512,4,467,126,510,156,8,94,310,137,353,18,583,341,652,380,16,254,21,289,44,19
1513,4,468,126,511,156,8,94,313,137,356,18,582,341,651,380,16,264,23,290,46,19
1514,4,469,125,512,155,8,94,313,137,356,18,580,339,649,378,16,262,19,291,41,19
1515,4,474,124,513,154,8,93,312,135,351,18,582,341,651,380,16,260,23,294,42,19
1516,4,471,123,510,153,8,94,312,136,351,18,583,340,652,379,16,268,28,298,44,19
1517,4,470,123,509,153,8,95,314,137,353,18,584,341,653,380,16,270,22,304,45,19
1518,4,467,124,506,154,8,95,314,137,353,18,584,340,653,379,16,269,21,302,44,19
1519,4,478,124,517,154,8,93,313,135,352,18,586,341,655,380,16,270,21,305,43,19
1520,4,481,123,520,153,8,93,311,135,350,18,585,337,654,376,16,273,20,304,47,19
1521,4,483,125,522,155,8,93,313,135,352,18,584,340,653,379,16,274,23,302,47,19
1522,4,482,125,521,155,8,94,312,136,351,18,582,338,654,379,16,275,20,306,52,19
1523,4,482,125,521,155,8,94,312,136,351,18,583,339,655,380,16,279,19,309,47,19
1524,4,483,124,522,154,8,94,313,136,352,18,580,337,652,378,16,277,18,307,47,19
1525,4,483,122,522,152,8,88,309,134,348,18,588,341,652,374,16,276,19,307,48,19
1526,4,486,123,525,153,8,92,311,138,350,18,585,343,649,376,16,276,21,311,51,19
1527,4,488,123,527,153,8,93,313,137,350,18,587,345,651,378,16,277,20,314,48,19
1528,4,488,124,527,154,8,92,312,138,351,18,588,343,652,376,16,277,21,314,50,19
1529,4,491,123,530,153,8,91,312,137,351,18,589,344,653,377,16,282,18,317,45,19
1530,4,484,121,523,151,8,90,309,136,344,18,593,339,654,370,16,280,21,311,47,19
1531,4,486,124,525,154,8,92,312,138,347,18,591,340,652,371,16,282,22,311,45,19
1532,4,487,124,526,154,8,92,311,138,346,18,591,340,652,371,16,277,13,315,45,19
1533,4,489,122,530,153,8,92,312,138,347,18,590,340,651,371,16,282,18,320,51,19
1534,4,489,121,530,152,8,91,311,137,346,18,590,339,651,370,16,287,19,315,48,19
1535,4,485,118,526,149,8,92,312,138,347,18,590,340,651,371,16,286,19,316,47,19
1536,4,486,121,527,152,8,92,311,138,346,18,590,339,651,370,16,284,17,320,45,19
1537,4,486,119,527,150,8,92,312,138,347,18,591,339,652,370,16,285,20,322,46,19
1538,4,489,119,530,150,8,92,313,138,348,18,592,340,653,371,16,285,18,322,44,19
1539,4,488,120,527,150,8,92,313,138,348,18,595,341,656,372,16,285,20,323,44,19
1540,4,488,118,529,149,8,91,312,137,347,18,603,339,653,370,16,286,18,327,42,19
1541,4,487,117,528,148,8,91,313,137,348,18,603,341,653,372,16,287,17,323,43,19
1542,4,489,117,528,147,8,92,313,138,348,18,604,342,654,373,16,285,16,325,43,19
1543,4,489,117,528,147,8,91,312,137,347,18,604,341,654,372,16,293,18,327,43,19
1544,4,488,118,527,148,8,92,311,138,346,18,605,341,655,372,16,293,17,328,43,19
1545,4,490,116,529,146,8,90,310,132,347,18,608,343,658,374,16,295,16,330,45,19
1546,4,492,116,531,146,8,93,313,135,350,18,606,344,656,375,16,296,16,329,41,19
1547,4,492,115,531,145,8,94,314,134,349,18,605,345,655,376,16,292,16,336,39,19
1548,4,490,115,531,146,8,93,313,133,348,18,605,345,655,376,16,296,13,333,38,19
1549,4,492,113,533,144,8,94,313,134,348,18,603,344,653,375,16,299,14,331,36,19
1550,3,491,112,532,143,8,90,313,130,348,18,298,15,335,40,19
1551,3,494,115,535,146,8,94,315,134,350,18,297,16,334,41,19
1552,3,491,116,532,147,8,94,317,134,352,18,299,15,336,40,19
1553,3,489,114,530,145,8,92,317,132,352,18,300,15,337,40,19
1554,3,490,114,531,145,8,93,316,131,349,18,300,16,337,41,19
1555,3,490,111,533,144,8,88,310,128,345,18,300,15,337,40,19
1556,3,491,111,534,144,8,93,311,133,346,18,300,15,337,40,19
1557,3,491,110,534,143,8,94,311,134,346,18,303,14,340,39,19
1558,3,491,109,534,142,8,93,311,133,346,18,303,17,338,41,19
1559,3,491,108,536,143,8,92,311,132,346,18,306,13,343,38,19
1560,3,491,109,536,144,8,93,311,133,346,18,303,14,340,39,19
1561,3,495,109,540,144,8,93,312,133,347,18,302,13,339,38,19
1562,3,495,109,538,142,8,92,312,132,347,18,304,14,341,39,19
1563,3,495,105,540,140,8,93,311,133,346,18,306,14,343,39,19
1564,3,494,105,539,140,8,93,312,133,347,18,307,14,344,39,19
1565,4,496,105,541,140,8,92,313,132,348,18,310,12,355,37,19,644,2,682,37,20
1566,4,497,105,540,138,8,93,313,133,348,18,307,12,352,37,19,640,2,678,37,20
1567,4,498,104,541,137,8,91,313,131,348,18,307,13,352,38,19,644,3,682,38,20
1568,4,497,103,540,136,8,92,311,132,346,18,307,13,354,39,19,645,2,683,37,20
1569,4,497,102,542,137,8,92,311,132,346,18,306,14,353,40,19,648,0,686,35,20
1570,4,496,107,541,142,8,87,312,127,347,18,312,13,359,39,19,649,0,704,35,20
1571,4,492,112,537,147,8,91,312,131,347,18,308,13,355,39,19,651,1,706,36,20
1572,4,495,110,540,145,8,92,314,132,349,18,309,14,356,40,19,653,0,708,35,20
1573,4,496,112,541,147,8,92,316,132,351,18,311,14,358,40,19,656,1,711,36,20
1574,4,495,111,540,146,8,92,315,132,350,18,311,15,358,41,19,658,3,713,38,20
1575,4,498,105,545,142,8,88,313,128,348,18,314,14,361,40,19,661,1,713,34,20
1576,4,493,109,540,146,8,92,316,132,351,18,312,16,359,42,19,665,0,717,33,20
1577,4,494,107,541,144,8,92,318,132,353,18,311,16,358,42,19,666,1,718,34,20
1578,4,493,107,542,146,8,93,316,133,351,18,311,17,358,43,19,665,0,717,33,20
1579,4,495,108,542,145,8,92,316,132,351,18,310,17,357,43,19,669,1,719,32,20
1580,4,496,106,545,138,8,90,312,130,347,18,315,17,362,43,19,669,0,719,31,20
1581,4,493,108,542,140,8,93,314,133,349,18,312,18,359,44,19,670,0,720,31,20
1582,4,494,107,543,139,8,94,315,134,350,18,312,19,359,45,19,672,1,719,31,20
1583,4,490,106,539,138,8,93,314,133,349,18,312,18,359,44,19,674,3,719,32,20
1584,4,493,108,542,140,8,93,316,135,353,18,312,18,359,44,19,674,4,719,33,20
1585,4,495,106,544,138,8,88,309,130,346,18,321,14,368,45,19,673,0,718,33,20
1586,4,492,110,541,142,8,92,311,134,348,18,322,17,369,48,19,675,1,720,34,20
1587,4,493,110,542,142,8,92,312,134,349,18,326,14,373,45,19,674,1,719,34,20
1588,4,495,108,542,138,8,92,312,134,349,18,325,14,372,45,19,672,2,719,37,20
1589,4,496,107,543,137,8,93,312,135,349,18,328,14,375,45,19,671,4,718,39,20
1590,4,496,105,543,135,8,86,306,128,343,18,331,11,374,42,19,672,3,719,38,20
1591,4,494,108,541,138,8,90,307,132,344,18,333,11,376,42,19,673,5,720,40,20
1592,4,494,107,541,137,8,90,308,132,345,18,332,13,375,44,19,672,8,719,43,20
1593,4,496,107,543,137,8,91,307,133,344,18,334,10,379,43,19,672,11,719,46,20
1594,4,496,108,543,138,8,89,307,131,344,18,333,10,378,43,19,672,14,719,49,20
1595,4,495,102,548,132,8,92,307,134,344,18,330,5,375,38,19,670,14,719,51,20
1596,4,494,102,547,132,8,92,309,134,346,18,331,6,376,39,19,673,17,720,52,20
1597,4,493,102,546,132,8,91,308,133,345,18,331,6,376,39,19,673,21,720,56,20
1598,4,494,103,547,133,8,92,309,134,346,18,332,4,377,37,19,673,23,720,58,20
1599,4,497,102,550,132,8,91,307,135,346,18,332,5,379,40,19,670,24,719,61,20
1600,4,499,103,552,133,8,88,308,132,347,18,331,5,378,40,19,680,2,719,56,20
1601,4,494,103,550,134,8,92,309,136,348,18,332,3,379,38,19,681,9,720,63,20
1602,4,495,102,551,133,8,93,312,137,351,18,332,2,382,38,19,680,9,719,63,20
1603,4,496,103,552,134,8,92,312,136,351,18,330,2,382,40,19,681,14,720,68,20
1604,4,496,102,552,133,8,93,312,137,351,18,331,3,383,41,19,680,14,719,68,20
1605,4,499,105,555,136,8,86,310,130,349,18,332,5,382,36,19,681,15,720,69,20
1606,4,497,107,553,138,8,92,313,136,352,18,334,5,384,36,19,681,16,720,70,20
1607,4,497,107,553,138,8,92,314,136,353,18,333,4,385,37,19,681,16,720,70,20
1608,3,498,107,554,138,8,91,313,135,352,18,331,3,383,36,19
1609,3,497,106,553,137,8,92,313,136,352,18,331,3,383,36,19
1610,3,502,100,561,133,8,92,314,136,353,18,335,1,387,31,19
1611,3,500,101,559,134,8,92,314,136,353,18,337,3,389,33,19
1612,3,500,101,559,134,8,92,313,136,352,18,338,1,390,31,19
1613,3,503,102,562,135,8,91,312,137,353,18,337,1,389,31,19
1614,3,504,100,563,133,8,91,309,137,350,18,335,2,387,32,19
1615,3,501,99,560,132,8,91,312,137,353,18,333,2,385,32,19
1616,3,504,99,563,132,8,92,314,138,355,18,333,1,385,31,19
1617,2,504,101,563,134,8,335,1,387,31,19
1618,2,505,101,564,134,8,335,1,387,31,19
1619,2,505,102,564,135,8,334,1,386,31,19
1620,2,505,100,567,135,8,336,0,388,25,19
1621,2,505,99,567,134,8,333,0,385,25,19
1622,2,506,98,568,133,8,336,0,388,25,19
1623,2,506,98,568,133,8,335,-1,387,24,19
1624,2,506,99,568,134,8,338,-1,390,24,19
1625,2,508,99,570,134,8,337,-1,389,24,19
1626,2,509,98,571,133,8,338,0,390,25,19
1627,2,509,98,571,133,8,337,-1,389,24,19
1628,2,509,98,571,133,8,337,-1,392,25,19
1629,2,509,99,571,134,8,336,0,391,26,19
1630,2,509,99,571,134,8,340,0,386,19,19
1631,2,511,99,573,134,8,339,0,385,19,19
1632,2,510,99,572,134,8,341,0,387,19,19
1633,2,507,98,569,133,8,341,-1,387,18,19
1634,2,512,100,571,133,8,343,-1,389,18,19
1635,2,511,100,570,133,8,342,0,388,19,19
1636,2,510,101,569,134,8,341,0,387,19,19
1637,2,511,101,570,134,8,342,-1,388,18,19
1638,2,514,100,573,133,8,339,0,385,19,19
1639,2,513,100,572,133,8,338,-1,386,19,19
1640,1,513,100,572,133,8
1641,1,511,99,570,132,8
1642,1,508,100,567,133,8
1643,1,509,99,568,132,8
1644,1,513,99,572,132,8
1645,1,515,100,571,131,8
1646,1,514,101,570,132,8
1647,1,508,100,564,131,8
1648,1,516,98,572,129,8
1649,1,515,99,571,130,8
1650,1,511,98,567,129,8
1651,1,514,99,570,130,8
1652,1,514,98,570,129,8
1653,1,515,99,571,130,8
1654,1,511,99,567,130,8
1655,1,512,99,568,130,8
1656,1,513,98,569,129,8
1657,1,515,99,571,130,8
1658,1,513,98,569,129,8
1659,1,512,97,568,128,8
1660,1,511,98,567,129,8
1661,1,512,98,568,129,8
1662,1,511,97,567,128,8
1663,1,513,98,569,129,8
1664,1,514,97,570,128,8
1665,1,515,97,571,128,8
1666,1,513,96,569,127,8
1667,1,514,95,570,126,8
1668,1,513,96,569,127,8
1669,1,513,95,569,126,8
1670,1,514,95,570,126,8
1671,1,513,96,569,127,8
1672,1,516,94,572,125,8
1673,1,515,95,571,126,8
1674,1,514,94,570,125,8
1675,1,518,95,571,125,8
1676,1,519,95,572,125,8
1677,1,517,96,570,126,8
1678,1,519,95,572,125,8
1679,1,517,95,570,125,8
1680,1,519,96,570,124,8
1681,1,518,95,569,123,8
1682,1,519,96,570,124,8
1683,1,519,96,570,124,8
1684,1,521,95,572,123,8
1685,1,521,94,572,122,8
1686,1,522,95,573,123,8
1687,1,521,94,572,122,8
1688,1,521,95,572,123,8
1689,1,522,95,573,123,8
1690,1,521,95,572,123,8
1691,1,522,94,573,122,8
1692,1,524,93,575,121,8
1693,1,521,91,574,121,8
1694,1,521,92,574,122,8
1695,1,524,93,577,123,8
1696,1,527,93,580,123,8
1697,1,526,91,579,121,8
1698,1,526,91,579,121,8
1699,1,526,90,579,120,8
1700,1,528,91,581,121,8
